1	222	2.33733
1	302	2.56813
1	313	2.57561
1	454	3.17299
1	457	3.40844
1	475	2.90632
1	524	3.30075
1	660	3.97158
1	803	4.21936
1	863	3.38771
2	346	3.62951
2	368	1.70874
2	509	2.3316
2	612	2.55386
2	632	2.6858
2	659	2.86184
2	815	2.67712
2	946	4.09717
2	977	4.59102
2	990	4.95335
3	343	5.23832
3	617	2.05254
3	666	2.76793
3	681	2.76793
3	695	3.10495
3	750	2.74728
3	771	2.90921
3	795	3.06079
3	933	4.09667
3	989	4.95319
4	437	5.80948
4	865	2.06301
4	901	2.65599
4	904	2.54674
4	938	3.21267
4	953	3.53318
4	956	3.52855
4	963	3.53556
4	964	3.70811
4	969	3.67669
5	243	2.19658
5	344	2.5324
5	418	2.67392
5	486	3.11582
5	522	3.36405
5	601	3.50036
5	643	3.60181
5	647	3.6116
5	668	3.86396
5	708	3.72247
6	139	2.19569
6	156	2.19569
6	172	2.2941
6	214	2.38349
6	255	2.38349
6	300	2.86076
6	596	3.08137
6	781	3.08617
6	803	4.04847
6	928	3.93128
7	88	1.17651
7	156	3.64829
7	566	1.86186
7	675	3.05536
7	686	3.01454
7	699	2.97918
7	817	3.85495
7	818	3.86229
7	820	3.92042
7	962	4.73539
8	35	2.22915
8	344	2.63285
8	359	2.69851
8	396	2.84052
8	486	3.21627
8	522	3.46449
8	643	3.70226
8	647	3.71205
8	668	3.9644
8	952	3.31531
9	578	2.3463
9	627	2.52481
9	730	3.10506
9	731	3.04796
9	739	3.12774
9	743	3.46739
9	782	3.44412
9	787	3.68995
9	793	3.70717
9	890	2.90896
10	329	2.33161
10	342	2.5997
10	343	2.33811
10	437	2.52765
10	470	2.67644
10	525	3.06812
10	907	2.8361
10	910	4.45226
10	934	4.30611
11	45	1.88502
11	279	2.35547
11	386	3.01006
11	453	2.92523
11	461	2.81249
11	560	3.30918
11	617	2.90318
11	621	3.32011
11	720	3.78586
11	932	5.05708
12	564	2.91771
12	735	1.13027
12	831	1.8754
12	939	3.17868
12	944	3.2544
12	945	3.50942
12	977	3.72332
12	982	3.74795
12	988	3.95542
12	990	4.08564
13	397	1.18305
13	686	2.5516
13	772	3.07365
13	776	3.3683
13	787	3.68606
13	806	3.48309
13	817	3.39202
13	827	3.61179
13	828	3.52456
13	962	4.27246
14	30	2.81588
14	43	2.81588
14	56	2.81588
14	59	2.81588
14	87	2.81588
14	94	2.81588
14	98	2.81588
14	165	3.36264
14	330	5.23832
14	971	5.3867
15	23	2.95535
15	39	3.04082
15	46	2.95535
15	74	2.95649
15	186	3.11311
15	203	3.63911
15	224	3.26676
15	228	3.26676
15	237	3.26676
15	868	4.82959
16	32	2.80856
16	71	2.7584
16	83	2.7584
16	106	2.9435
16	151	2.9435
16	176	2.9435
16	190	2.9435
16	225	3.45213
16	829	4.90901
16	984	3.13953
17	118	2.36727
17	189	2.5028
17	231	2.51439
17	249	2.7359
17	277	2.88658
17	353	3.22732
17	663	4.04923
17	676	4.27982
17	763	3.56725
17	974	4.37918
18	57	0.837201
18	653	1.47872
18	681	3.09938
18	832	3.109
18	870	3.39057
18	894	3.78088
18	902	3.95664
18	907	3.95566
18	919	4.17783
18	971	3.77399
19	229	2.61919
19	235	2.48066
19	323	2.74742
19	392	3.19276
19	407	2.92341
19	438	3.21499
19	440	2.92341
19	605	3.44628
19	660	2.47377
19	911	4.9124
20	651	1.77757
20	790	2.84935
20	800	2.93573
20	803	3.63492
20	814	2.89071
20	824	3.11509
20	843	3.26172
20	855	3.46312
20	858	3.39542
20	999	4.7718
21	31	3.13391
21	33	3.13391
21	48	3.10895
21	64	3.10895
21	78	3.10895
21	92	3.10895
21	149	3.25229
21	150	3.25229
21	180	3.25229
21	620	4.1633
22	137	2.82614
22	229	2.70495
22	242	2.50048
22	323	2.83317
22	392	3.27852
22	407	3.00916
22	438	3.30075
22	440	3.00916
22	911	4.99816
22	976	2.55225
23	15	2.95535
23	39	3.03967
23	68	2.96334
23	74	2.95535
23	186	3.11197
23	203	3.63796
23	224	3.26562
23	228	3.26562
23	237	3.26562
23	592	2.94782
24	139	2.53806
24	156	2.53806
24	172	2.63647
24	214	2.72587
24	255	2.72587
24	300	3.20313
24	475	6.4
24	781	3.42855
24	803	4.39084
24	928	4.27365
25	318	2.61086
25	340	2.86273
25	406	2.8145
25	419	2.78604
25	479	3.3503
25	494	3.51248
25	568	3.46483
25	571	3.46769
25	576	3.59106
25	690	5.2722
26	29	3.00195
26	37	2.82292
26	52	2.82292
26	58	2.82292
26	67	2.82292
26	99	3.00195
26	101	2.90731
26	121	3.54871
26	676	4.70892
26	987	3.69585
27	781	3.79512
27	819	1.58569
27	881	2.43327
27	904	2.63775
27	938	3.30368
27	951	3.68956
27	953	3.62418
27	956	3.61956
27	964	3.79912
27	969	3.7677
28	32	3.16228
28	627	2.31944
28	730	2.89969
28	731	2.84259
28	739	2.92237
28	743	3.26202
28	782	3.23875
28	787	3.48459
28	793	3.5018
28	941	3.98925
29	26	3.00195
29	37	2.82292
29	52	2.82292
29	58	2.82292
29	67	2.82292
29	99	3.00195
29	101	2.90731
29	121	3.54871
29	500	3.26163
29	676	4.70892
30	14	2.81588
30	43	2.81588
30	56	2.81588
30	59	2.81588
30	87	2.81588
30	94	2.81588
30	98	2.81588
30	165	3.36264
30	852	3.20054
30	971	5.3867
31	21	3.13391
31	33	3.13391
31	48	3.10895
31	64	3.10895
31	78	3.10895
31	92	3.10895
31	149	3.25229
31	150	3.25229
31	180	3.25229
31	882	3.03006
32	16	2.80856
32	28	3.16228
32	71	2.7584
32	83	2.7584
32	106	2.9435
32	151	2.9435
32	176	2.9435
32	190	2.9435
32	225	3.45213
32	829	4.90901
33	21	3.13391
33	31	3.13391
33	48	3.10895
33	64	3.10895
33	78	3.10895
33	92	3.10895
33	149	3.25229
33	150	3.25229
33	180	3.25229
33	914	3.26185
34	351	2.13439
34	613	2.31936
34	627	2.67057
34	730	3.25082
34	731	3.19371
34	743	3.61314
34	761	4.35292
34	782	3.58988
34	787	3.83571
34	793	3.85292
35	8	2.22915
35	173	2.33665
35	243	2.61492
35	266	2.80795
35	396	3.15842
35	418	3.09226
35	573	2.88976
35	601	3.9187
35	643	4.02015
35	668	4.2823
36	567	2.31817
36	672	2.86184
36	691	2.98216
36	700	3.14024
36	709	3.2027
36	714	3.18514
36	741	3.37115
36	754	3.62035
36	777	3.42464
36	833	3.97446
37	26	2.82292
37	29	2.82292
37	52	2.64389
37	58	2.64389
37	67	2.64389
37	99	2.82292
37	121	3.36968
37	466	2.9917
37	676	4.52989
38	102	2.48336
38	103	2.48336
38	130	2.48336
38	184	2.48336
38	207	2.992
38	263	2.992
38	608	1.78657
38	875	4.28877
38	882	4.09378
39	15	3.04082
39	23	3.03967
39	46	3.03967
39	68	3.04881
39	74	3.04082
39	186	3.19744
39	224	3.35109
39	228	3.35109
39	237	3.35109
39	321	4.68722
40	215	2.31178
40	330	2.29775
40	357	5.23832
40	368	2.71884
40	488	2.80975
40	594	3.57947
40	623	3.54451
40	629	3.63056
40	632	3.6959
40	659	3.87195
41	901	2.48878
41	904	2.37953
41	926	3.53111
41	940	3.0148
41	951	3.43135
41	953	3.36597
41	956	3.36134
41	963	3.36835
41	964	3.5409
41	969	3.50948
42	132	1.58854
42	220	2.06509
42	455	2.57507
42	487	2.92121
42	550	2.78454
42	551	2.18104
42	555	2.78454
42	675	3.22457
42	994	5.47243
42	997	5.04449
43	14	2.81588
43	30	2.81588
43	56	2.81588
43	59	2.81588
43	87	2.81588
43	89	3.16228
43	94	2.81588
43	98	2.81588
43	165	3.36264
43	971	5.3867
44	256	2.28437
44	294	2.91715
44	423	3.13422
44	448	2.78934
44	501	3.27111
44	534	3.27111
44	545	2.8466
44	553	3.27111
44	683	3.5643
44	860	3.95778
45	11	1.88502
45	279	2.58032
45	320	2.42657
45	395	3.02027
45	453	3.15008
45	461	3.03734
45	560	3.53403
45	621	3.54495
45	932	5.28193
45	988	3.56961
46	15	2.95535
46	39	3.03967
46	68	2.96334
46	74	2.95535
46	186	3.11197
46	203	3.63796
46	224	3.26562
46	228	3.26562
46	237	3.26562
46	715	3.15774
47	148	1.63167
47	307	1.9624
47	548	2.08789
47	656	2.87088
47	709	3.31607
47	741	3.48451
47	777	3.53801
47	833	4.08782
47	893	6.90209
47	999	5.48125
48	21	3.10895
48	31	3.10895
48	33	3.10895
48	64	3.08398
48	78	3.08398
48	149	3.22733
48	150	3.22733
48	180	3.22733
48	513	3.28372
48	781	3.79512
49	122	2.59168
49	208	2.61185
49	270	1.5142
49	340	3.11206
49	406	3.06383
49	419	3.03537
49	494	3.76181
49	571	3.71703
49	576	3.84039
49	580	2.72648
50	715	1.32743
50	873	2.71082
50	893	3.15245
50	900	3.13678
50	922	3.50474
50	923	3.55985
50	924	3.32152
50	945	3.40248
50	949	3.637
50	961	4.10991
51	622	3.74571
51	914	2.32773
51	943	2.78032
51	960	3.01251
51	978	3.24916
51	980	3.4083
51	984	3.29529
51	986	3.21674
51	991	3.44925
51	996	3.7212
52	26	2.82292
52	29	2.82292
52	37	2.64389
52	58	2.64389
52	67	2.64389
52	99	2.82292
52	121	3.36968
52	299	4.68722
52	676	4.52989
53	127	3.64829
53	851	1.65454
53	864	1.96266
53	892	2.64391
53	973	3.36412
53	978	3.55956
53	980	3.7187
53	984	3.6057
53	996	4.0316
53	998	3.91971
54	402	2.34418
54	495	3.00553
54	496	2.79368
54	563	2.83691
54	564	3.17017
54	589	3.19981
54	602	3.19981
54	625	3.19981
54	965	4.71058
54	996	3.4048
55	79	2.39482
55	162	2.582
55	345	2.95005
55	367	3.34023
55	384	2.95005
55	415	3.59882
55	441	3.2102
55	490	3.69724
55	554	3.73709
55	628	2.48347
56	14	2.81588
56	30	2.81588
56	43	2.81588
56	59	2.81588
56	87	2.81588
56	94	2.81588
56	98	2.81588
56	165	3.36264
56	843	3.17676
56	971	5.3867
57	18	0.837201
57	807	2.76708
57	861	3.14835
57	870	3.14228
57	893	6.90209
57	898	3.69462
57	902	3.70835
57	907	3.70737
57	919	3.92954
57	971	3.5257
58	26	2.82292
58	29	2.82292
58	37	2.64389
58	52	2.64389
58	67	2.64389
58	99	2.82292
58	121	3.36968
58	676	4.52989
58	991	2.59566
59	14	2.81588
59	30	2.81588
59	43	2.81588
59	56	2.81588
59	87	2.81588
59	94	2.81588
59	98	2.81588
59	165	3.36264
59	369	1.85669
59	971	5.3867
60	126	1.94656
60	142	2.65693
60	166	3.34145
60	279	2.46865
60	395	2.90861
60	516	3.13184
60	559	3.322
60	560	3.42236
60	621	3.43329
60	932	5.17026
61	574	3.57537
61	691	2.1165
61	709	2.33704
61	714	2.31948
61	741	2.50549
61	833	3.1088
61	947	3.65822
61	958	3.83833
61	975	4.28941
61	983	4.28724
62	762	1.50763
62	831	2.0489
62	871	2.20904
62	898	3.12898
62	937	3.08562
62	946	3.40297
62	977	3.89682
62	982	3.92145
62	988	4.12892
62	990	4.25914
63	599	2.54731
63	622	2.87771
63	650	2.97003
63	678	3.02278
63	710	3.35098
63	719	3.03904
63	724	3.27748
63	740	3.21543
63	758	3.26255
63	804	3.93622
64	21	3.10895
64	31	3.10895
64	33	3.10895
64	48	3.08398
64	92	3.08398
64	149	3.22733
64	150	3.22733
64	180	3.22733
64	513	3.28372
64	646	3.34198
65	118	2.46947
65	189	2.605
65	210	2.91654
65	231	2.61659
65	249	2.8381
65	353	3.32952
65	605	3.53444
65	631	3.45096
65	763	3.66945
65	974	4.48139
66	410	3.64474
66	542	2.34205
66	595	2.66936
66	616	2.52374
66	622	2.77568
66	650	2.868
66	724	3.17546
66	740	3.1134
66	909	3.56722
66	989	5.42559
67	26	2.82292
67	29	2.82292
67	37	2.64389
67	52	2.64389
67	58	2.64389
67	99	2.82292
67	121	3.36968
67	181	3.64829
67	676	4.52989
68	23	2.96334
68	39	3.04881
68	46	2.96334
68	101	2.89257
68	108	2.49123
68	186	3.1211
68	203	3.6471
68	224	3.27475
68	228	3.27475
68	237	3.27475
69	308	1.71608
69	410	2.43361
69	550	2.55084
69	555	2.55084
69	594	2.96736
69	623	2.9324
69	659	3.25984
69	736	3.27268
69	994	5.23873
69	997	4.81079
70	80	2.21056
70	81	2.16516
70	221	2.79064
70	280	2.65087
70	306	2.82869
70	371	3.29696
70	491	3.56486
70	520	3.63259
70	745	3.21263
70	967	5.32018
71	16	2.7584
71	32	2.7584
71	75	3.16228
71	91	3.10947
71	106	2.89334
71	151	2.89334
71	176	2.89334
71	190	2.89334
71	225	3.40198
71	829	4.85886
72	823	2.33776
72	857	2.97623
72	872	2.99838
72	879	2.99874
72	886	3.13879
72	899	3.39942
72	905	3.53706
72	908	3.53706
72	912	3.53706
72	920	3.35644
73	105	2.76961
73	123	3.64829
73	275	2.89714
73	317	2.88478
73	334	2.9984
73	375	3.37655
73	378	3.13018
73	434	3.20039
73	512	3.41348
73	585	3.78997
74	15	2.95649
74	23	2.95535
74	39	3.04082
74	46	2.95535
74	186	3.11311
74	203	3.63911
74	224	3.26676
74	228	3.26676
74	237	3.26676
74	893	6.90209
75	71	3.16228
75	102	2.63522
75	103	2.63522
75	114	2.94564
75	130	2.63522
75	184	2.63522
75	207	3.14386
75	263	3.14386
75	875	4.44062
75	882	4.24564
76	581	2.67704
76	812	2.34069
76	857	2.97586
76	872	2.99802
76	879	2.99838
76	886	3.13842
76	899	3.39905
76	905	3.53669
76	908	3.53669
76	912	3.53669
77	446	1.87342
77	613	2.53017
77	642	2.22953
77	716	2.65468
77	750	2.84224
77	795	3.15575
77	801	3.43222
77	891	3.60466
77	981	4.49276
77	985	4.17525
78	21	3.10895
78	31	3.10895
78	33	3.10895
78	48	3.08398
78	92	3.08398
78	149	3.22733
78	150	3.22733
78	180	3.22733
78	513	3.28372
78	558	2.79226
79	55	2.39482
79	218	2.7328
79	288	2.80099
79	314	4.68722
79	364	2.97245
79	415	3.62325
79	417	3.21836
79	441	3.23463
79	490	3.72168
79	554	3.76152
80	70	2.21056
80	221	2.67469
80	280	2.53493
80	306	2.71275
80	399	3.19235
80	414	2.96544
80	491	3.44891
80	520	3.51664
80	967	5.20423
80	986	3.32674
81	70	2.16516
81	183	2.39179
81	306	2.66735
81	371	3.13562
81	399	3.14695
81	414	2.92004
81	491	3.40351
81	520	3.47124
81	950	3.62155
81	967	5.15883
82	236	2.18518
82	293	2.49644
82	316	2.38714
82	329	2.66986
82	437	2.86591
82	470	3.0147
82	525	3.40638
82	586	3.33485
82	910	4.79052
82	934	4.64437
83	16	2.7584
83	32	2.7584
83	91	3.10947
83	106	2.89334
83	151	2.89334
83	176	2.89334
83	190	2.89334
83	225	3.40198
83	695	2.50994
83	829	4.85886
84	467	0.992238
84	517	7.00928
84	694	1.87373
84	761	2.45776
84	808	3.16775
84	846	3.29132
84	903	3.91039
84	913	4.0323
84	929	4.36751
84	931	4.36751
85	140	1.84855
85	220	2.15252
85	348	2.35255
85	455	2.6625
85	487	3.00864
85	550	2.87197
85	555	2.87197
85	960	2.97847
85	994	5.55986
85	997	5.13192
86	235	4.15692
86	517	1.97026
86	617	2.49255
86	682	2.77166
86	693	2.89112
86	750	3.18729
86	771	3.34922
86	795	3.5008
86	801	3.77728
86	985	4.5203
87	14	2.81588
87	30	2.81588
87	43	2.81588
87	56	2.81588
87	59	2.81588
87	94	2.81588
87	98	2.81588
87	165	3.36264
87	865	3.34234
87	971	5.3867
88	7	1.17651
88	285	4.68722
88	324	1.95268
88	531	2.27978
88	688	3.18265
88	699	3.19435
88	776	4.0464
88	820	4.13558
88	827	4.28989
88	828	4.20266
89	43	3.16228
89	105	2.7918
89	219	2.7196
89	317	2.90697
89	334	3.02059
89	375	3.39874
89	378	3.15237
89	434	3.22259
89	512	3.43567
89	585	3.81216
90	124	1.89778
90	243	2.44851
90	359	2.85
90	387	2.92452
90	396	2.99201
90	522	3.61598
90	601	3.75229
90	647	3.86353
90	668	4.11589
90	767	2.91098
91	71	3.10947
91	83	3.10947
91	106	3.29457
91	151	3.29457
91	176	3.29457
91	190	3.29457
91	225	3.8032
91	829	5.26008
91	915	3.30757
91	919	0.00195818
92	21	3.10895
92	31	3.10895
92	33	3.10895
92	64	3.08398
92	78	3.08398
92	149	3.22733
92	150	3.22733
92	180	3.22733
92	513	3.28372
92	836	3.25312
93	634	2.55375
93	648	2.06424
93	737	2.72585
93	802	3.06971
93	836	3.60388
93	837	3.54927
93	853	3.61638
93	862	3.77286
93	875	3.50457
93	916	3.65824
94	14	2.81588
94	30	2.81588
94	43	2.81588
94	56	2.81588
94	59	2.81588
94	87	2.81588
94	98	2.81588
94	165	3.36264
94	929	3.63748
94	971	5.3867
95	327	4.68722
95	847	2.2156
95	893	2.92902
95	895	2.78537
95	922	3.28131
95	923	3.33643
95	924	3.0981
95	948	3.51461
95	949	3.41358
95	961	3.88649
96	183	2.27487
96	306	2.55043
96	350	3.10053
96	371	3.0187
96	399	3.03003
96	414	2.80312
96	491	3.28659
96	520	3.35432
96	647	3.23012
96	967	5.04191
97	174	1.5321
97	194	2.74325
97	332	2.14689
97	598	3.11212
97	626	3.27132
97	631	3.2651
97	636	3.21977
97	665	3.5571
97	674	3.754
97	957	4.60209
98	14	2.81588
98	30	2.81588
98	43	2.81588
98	56	2.81588
98	59	2.81588
98	87	2.81588
98	94	2.81588
98	165	3.36264
98	811	2.97077
98	971	5.3867
99	26	3.00195
99	29	3.00195
99	37	2.82292
99	52	2.82292
99	58	2.82292
99	67	2.82292
99	101	2.90731
99	121	3.54871
99	616	3.69283
99	676	4.70892
100	172	3.64829
100	293	2.38066
100	329	2.55409
100	342	2.82218
100	343	2.56059
100	437	2.75013
100	470	2.89892
100	525	3.2906
100	910	4.67474
100	934	4.52859
101	26	2.90731
101	29	2.90731
101	68	2.89257
101	99	2.90731
101	121	3.45407
101	203	3.5672
101	224	3.19485
101	228	3.19485
101	237	3.19485
101	676	4.61428
101	870	3.84346
102	38	2.48336
102	75	2.63522
102	103	2.87156
102	114	3.18198
102	130	2.87156
102	184	2.87156
102	207	3.3802
102	263	3.3802
102	560	3.29891
102	875	4.67696
102	882	4.48198
103	38	2.48336
103	75	2.63522
103	102	2.87156
103	114	3.18198
103	130	2.87156
103	184	2.87156
103	207	3.3802
103	263	3.3802
103	610	4.15414
103	875	4.67696
103	882	4.48198
104	146	2.27878
104	161	2.27878
104	234	2.47871
104	247	2.47871
104	304	2.81052
104	354	5.23832
104	356	2.95598
104	381	3.26142
104	859	4.09254
104	995	4.99251
104	1000	5.20664
105	73	2.76961
105	89	2.7918
105	131	2.93695
105	168	2.9621
105	219	3.11769
105	275	3.31742
105	296	3.23763
105	363	3.65736
105	376	5.23832
105	512	3.83377
105	585	4.21025
106	16	2.9435
106	32	2.9435
106	71	2.89334
106	83	2.89334
106	91	3.29457
106	151	3.07844
106	176	3.07844
106	190	3.07844
106	225	3.58707
106	522	3.67611
106	829	5.04395
107	765	1.93879
107	796	1.78304
107	869	2.42396
107	887	2.6518
107	899	4.17507
107	942	3.70975
107	947	3.74051
107	950	3.70771
107	970	4.13778
107	975	4.37171
107	983	4.36953
108	68	2.49123
108	507	1.75542
108	624	2.2833
108	705	3.12718
108	706	3.45649
108	738	3.39359
108	759	3.39211
108	774	3.70197
108	955	4.20431
108	972	4.86417
108	979	4.41146
109	815	1.97685
109	830	1.96709
109	874	2.16119
109	901	3.48478
109	939	3.34611
109	945	3.67685
109	977	3.89075
109	982	3.91539
109	987	3.52442
109	988	4.12286
109	990	4.25308
110	760	1.46297
110	778	1.70955
110	880	2.81009
110	906	3.2655
110	927	3.51176
110	952	3.77623
110	959	4.14211
110	966	3.97995
110	968	3.96851
110	976	4.20789
110	978	5.36007
111	442	0.101605
111	880	2.89262
111	890	2.79777
111	896	2.96096
111	908	3.33745
111	927	3.59429
111	952	3.85876
111	959	4.22464
111	966	4.06248
111	968	4.05103
111	976	4.29042
112	460	2.12939
112	483	1.70481
112	533	1.67635
112	757	3.17342
112	809	3.66959
112	816	3.59827
112	834	3.85717
112	856	3.99777
112	876	4.35753
112	947	4.21375
112	987	4.6703
113	675	2.56038
113	688	2.4725
113	772	3.04159
113	776	3.33624
113	806	3.45103
113	817	3.35997
113	818	3.3673
113	820	3.42543
113	827	3.57974
113	836	3.73913
113	962	4.2404
114	75	2.94564
114	102	3.18198
114	103	3.18198
114	121	2.6648
114	130	3.18198
114	184	3.18198
114	207	3.69062
114	263	3.69062
114	875	4.98738
114	882	4.7924
114	890	0.674548
115	162	2.70788
115	218	2.83425
115	345	3.07594
115	364	3.0739
115	384	3.07594
115	415	3.7247
115	417	3.3198
115	441	3.33608
115	490	3.82312
115	554	3.86297
115	986	3.81275
116	191	2.78142
116	253	3.09994
116	254	3.28366
116	347	3.71729
116	424	3.65526
116	537	3.82349
116	539	3.96773
116	591	4.25481
116	597	4.25098
116	625	0.419046
116	708	4.19119
117	606	3.8935
117	734	1.5863
117	835	2.36604
117	865	2.46622
117	889	2.73662
117	938	3.61588
117	951	4.00177
117	956	3.93176
117	963	3.93878
117	964	4.11132
117	969	4.0799
118	17	2.36727
118	65	2.46947
118	189	2.72632
118	210	3.03785
118	223	2.77591
118	277	3.1101
118	353	3.45084
118	676	4.50334
118	763	3.79077
118	861	4.29099
118	974	4.60271
119	122	2.54686
119	188	2.54005
119	340	3.06724
119	373	3.25249
119	406	3.01901
119	479	3.55481
119	494	3.717
119	568	3.66934
119	571	3.67221
119	576	3.79557
119	973	3.52843
120	220	0.397965
120	617	2.39066
120	682	2.66977
120	710	3.11468
120	724	3.04118
120	740	2.97912
120	758	3.02625
120	771	3.24733
120	795	3.39891
120	801	3.67538
120	989	5.29131
121	26	3.54871
121	29	3.54871
121	37	3.36968
121	52	3.36968
121	58	3.36968
121	67	3.36968
121	99	3.54871
121	101	3.45407
121	114	2.6648
121	355	0.968245
121	676	5.25568
122	49	2.59168
122	119	2.54686
122	208	2.65666
122	318	2.90499
122	406	3.10863
122	419	3.08018
122	494	3.80662
122	571	3.76183
122	576	3.8852
122	602	4.76862
122	718	4.49194
123	73	3.64829
123	557	1.35293
123	712	2.06684
123	839	3.17193
123	846	3.06997
123	878	3.35592
123	903	3.68904
123	913	3.81095
123	926	4.02468
123	929	4.14616
123	931	4.14616
124	90	1.89778
124	266	2.32509
124	387	2.60807
124	418	2.6094
124	664	2.89194
124	668	3.79943
124	773	3.50981
124	834	4.18404
124	856	4.32464
124	876	4.6844
124	982	4.13229
125	270	2.86329
125	294	3.102
125	391	2.87696
125	405	3.18855
125	423	3.31907
125	448	2.97419
125	501	3.45597
125	534	3.45597
125	553	3.45597
125	841	4.74718
125	860	4.14263
126	60	1.94656
126	320	2.37493
126	386	3.18327
126	453	3.09844
126	461	2.9857
126	516	3.19187
126	559	3.38204
126	560	3.48239
126	720	3.95907
126	840	3.64784
126	932	5.2303
127	53	3.64829
127	452	2.24729
127	548	2.0447
127	656	2.82768
127	691	3.05233
127	700	3.21041
127	709	3.27287
127	714	3.25531
127	741	3.44132
127	833	4.04463
127	999	5.43805
128	459	6.4
128	634	2.68431
128	685	2.74698
128	725	2.89676
128	784	3.16467
128	792	3.31437
128	798	3.03879
128	836	3.73444
128	842	3.71573
128	862	3.90341
128	875	3.63513
129	465	1.83094
129	478	1.94915
129	558	2.20516
129	657	2.53402
129	887	4.4694
129	903	3.72825
129	926	4.06388
129	929	4.18537
129	931	4.18537
129	936	3.98821
129	993	4.16425
130	38	2.48336
130	75	2.63522
130	102	2.87156
130	103	2.87156
130	114	3.18198
130	184	2.87156
130	207	3.3802
130	263	3.3802
130	725	2.81659
130	875	4.67696
130	882	4.48198
131	105	2.93695
131	168	2.70915
131	296	2.98469
131	317	3.05212
131	363	3.40441
131	375	3.54389
131	378	3.29752
131	434	3.36773
131	512	3.58082
131	585	3.95731
131	975	4.53043
132	42	1.58854
132	144	1.86376
132	348	2.55391
132	455	2.86386
132	487	3.21
132	550	3.07333
132	555	3.07333
132	675	3.51336
132	983	3.16674
132	994	5.76122
132	997	5.33328
133	362	5.23832
133	791	2.19892
133	799	2.3908
133	808	2.69646
133	878	3.10598
133	903	3.43911
133	913	3.56101
133	926	3.77474
133	929	3.89622
133	931	3.89622
133	993	3.87511
134	552	3.71363
134	607	2.34755
134	685	2.68496
134	784	3.10265
134	792	3.25236
134	798	2.97678
134	836	3.67242
134	837	3.61782
134	842	3.65371
134	853	3.68492
134	862	3.8414
135	319	2.36914
135	379	2.52983
135	430	2.87383
135	439	2.64504
135	478	3.02327
135	558	3.27928
135	619	3.04699
135	657	3.60814
135	694	3.89383
135	868	4.39673
135	936	5.06233
136	248	4.15692
136	446	2.46009
136	517	2.21187
136	642	2.81619
136	693	3.13273
136	716	3.24134
136	750	3.4289
136	771	3.59083
136	795	3.74241
136	801	4.01889
136	891	4.19132
137	22	2.82614
137	229	3.18775
137	282	3.49497
137	323	3.31597
137	392	3.76132
137	407	3.49196
137	438	3.78355
137	440	3.49196
137	790	3.03964
137	911	5.48096
137	994	0.0440224
138	140	1.87273
138	348	2.37673
138	455	2.68668
138	487	3.03282
138	550	2.89615
138	555	2.89615
138	596	2.99699
138	675	3.33618
138	690	5.75821
138	994	5.58404
138	997	5.1561
139	6	2.19569
139	24	2.53806
139	172	2.79806
139	214	2.88746
139	255	2.88746
139	300	3.36472
139	596	3.58533
139	599	4.2704
139	781	3.59014
139	803	4.55243
139	928	4.43524
140	85	1.84855
140	138	1.87273
140	144	2.03633
140	266	4.68722
140	348	2.72649
140	455	3.03643
140	487	3.38258
140	550	3.24591
140	555	3.24591
140	994	5.9338
140	997	5.50586
141	382	2.43979
141	385	2.49824
141	393	2.65231
141	411	2.90267
141	432	2.62718
141	512	7.00928
141	514	3.21526
141	515	3.18355
141	577	3.35194
141	918	4.63755
141	981	5.32609
142	60	2.65693
142	199	2.87479
142	216	3.20212
142	254	4.15692
142	299	3.09357
142	320	3.0853
142	461	3.69607
142	559	4.0924
142	560	4.19276
142	766	5.7746
142	932	5.94066
143	153	1.92227
143	319	2.46091
143	430	2.9656
143	465	2.99683
143	558	3.37105
143	619	3.13876
143	657	3.69991
143	690	2.63665
143	868	4.4885
143	902	3.92349
143	936	5.1541
144	132	1.86376
144	140	2.03633
144	348	2.54033
144	455	2.85028
144	487	3.19642
144	550	3.05976
144	555	3.05976
144	596	3.16059
144	885	4.10803
144	994	5.74764
144	997	5.31971
145	368	2.8196
145	410	3.14648
145	488	2.91051
145	497	3.07032
145	509	3.44246
145	526	2.39626
145	594	3.68022
145	612	3.66472
145	629	3.73131
145	659	3.9727
145	939	4.32456
146	104	2.27878
146	161	2.27878
146	234	2.47871
146	247	2.47871
146	304	2.81052
146	356	2.95598
146	381	3.26142
146	723	4.14293
146	859	4.09254
146	995	4.99251
146	1000	5.20664
147	324	1.44439
147	657	3.70231
147	686	2.72142
147	772	3.24346
147	776	3.53811
147	806	3.6529
147	817	3.56184
147	818	3.56917
147	820	3.6273
147	827	3.78161
147	828	3.69438
148	47	1.63167
148	164	1.81251
148	333	2.31277
148	548	2.78009
148	656	3.56308
148	691	3.78772
148	700	3.9458
148	714	3.9907
148	774	4.00071
148	777	4.23021
148	833	4.78002
149	21	3.25229
149	31	3.25229
149	33	3.25229
149	48	3.22733
149	64	3.22733
149	78	3.22733
149	92	3.22733
149	150	3.37067
149	180	3.37067
149	415	2.94323
149	513	3.42706
150	21	3.25229
150	31	3.25229
150	33	3.25229
150	48	3.22733
150	64	3.22733
150	78	3.22733
150	92	3.22733
150	149	3.37067
150	180	3.37067
150	329	5.23832
150	513	3.42706
151	16	2.9435
151	32	2.9435
151	71	2.89334
151	83	2.89334
151	91	3.29457
151	106	3.07844
151	176	3.07844
151	190	3.07844
151	225	3.58707
151	812	4.44659
151	829	5.04395
152	687	0.95549
152	842	3.59986
152	880	3.46363
152	890	3.36879
152	896	3.53198
152	898	0.0635996
152	906	3.91904
152	930	3.67095
152	952	4.42978
152	966	4.63349
152	976	4.86143
153	143	1.92227
153	242	4.15692
153	379	2.75635
153	430	3.10035
153	465	3.13158
153	478	3.24979
153	558	3.50581
153	619	3.27351
153	657	3.83466
153	690	2.77141
153	936	5.28885
154	438	3.45707
154	735	1.38923
154	815	2.06837
154	830	2.05862
154	944	3.51336
154	945	3.76838
154	946	3.48843
154	977	3.98228
154	982	4.00691
154	988	4.21439
154	990	4.3446
155	523	2.17403
155	642	2.88597
155	682	3.08305
155	716	3.31112
155	750	3.49868
155	795	3.81219
155	801	4.08866
155	866	0.180826
155	953	3.90315
155	981	5.1492
155	985	4.83169
156	6	2.19569
156	7	3.64829
156	24	2.53806
156	172	2.79806
156	214	2.88746
156	255	2.88746
156	300	3.36472
156	596	3.58533
156	781	3.59014
156	803	4.55243
156	928	4.43524
157	245	1.89723
157	578	3.0669
157	603	3.08522
157	730	3.82566
157	731	3.76856
157	743	4.18799
157	758	3.05298
157	782	4.16472
157	787	4.41055
157	793	4.42776
157	995	1.59498
158	482	2.05339
158	517	1.97428
158	523	1.86665
158	578	3.93078
158	693	2.89514
158	716	3.00375
158	771	3.35324
158	801	3.78129
158	933	4.54069
158	981	4.84183
158	985	4.52432
159	167	1.60907
159	451	2.2461
159	620	2.91208
159	726	3.58334
159	733	3.44442
159	746	3.64452
159	748	3.71667
159	749	4.00635
159	764	3.73567
159	789	3.93636
159	793	4.10332
160	185	2.41183
160	253	2.69112
160	254	2.87484
160	327	2.72686
160	421	3.44348
160	518	3.34336
160	537	3.41467
160	540	3.85526
160	597	3.84216
160	600	3.02561
160	711	4.23099
161	104	2.27878
161	146	2.27878
161	234	2.47871
161	247	2.47871
161	304	2.81052
161	315	4.68722
161	356	2.95598
161	381	3.26142
161	859	4.09254
161	995	4.99251
161	1000	5.20664
162	55	2.582
162	115	2.70788
162	288	2.98818
162	345	3.16167
162	364	3.15964
162	384	3.16167
162	415	3.81044
162	417	3.40554
162	490	3.90886
162	554	3.94871
162	866	3.80311
163	226	1.64167
163	328	1.81969
163	493	2.26041
163	565	3.60751
163	627	3.16281
163	730	3.74306
163	731	3.68596
163	739	3.76574
163	782	4.08212
163	787	4.32796
163	793	4.34517
164	148	1.81251
164	307	2.14325
164	452	2.47133
164	569	2.16115
164	700	3.43445
164	709	3.49691
164	722	3.71436
164	741	3.66536
164	777	3.71885
164	833	4.26867
164	999	5.6621
165	14	3.36264
165	30	3.36264
165	43	3.36264
165	56	3.36264
165	59	3.36264
165	87	3.36264
165	94	3.36264
165	98	3.36264
165	263	2.00153
165	971	5.93346
165	974	1.77267
166	60	3.34145
166	595	3.09692
166	650	3.29557
166	678	3.34832
166	724	3.60302
166	740	3.54097
166	758	3.58809
166	804	4.26176
166	909	3.99478
166	922	0.0754296
166	925	4.10515
167	159	1.60907
167	530	2.37223
167	568	3.84647
167	620	2.83101
167	680	1.99527
167	726	3.50228
167	733	3.36336
167	749	3.92528
167	764	3.6546
167	911	4.59049
167	932	4.991
168	105	2.9621
168	131	2.70915
168	275	3.08962
168	296	3.00983
168	334	3.19088
168	375	3.56904
168	378	3.32267
168	434	3.39288
168	512	3.60597
168	585	3.98245
168	676	4.0461
169	797	3.47787
169	845	3.10593
169	857	3.42697
169	872	3.44912
169	879	3.44948
169	886	3.58953
169	899	3.85016
169	905	3.9878
169	908	3.9878
169	912	3.9878
169	996	0.790784
170	321	0.962916
170	572	3.11417
170	705	2.73862
170	706	3.06793
170	713	2.99254
170	759	3.00354
170	774	3.31341
170	936	4.44139
170	955	3.81575
170	972	4.47561
170	979	4.02289
171	738	3.24587
171	890	2.42984
171	896	2.59303
171	906	2.9801
171	917	2.95757
171	927	3.22636
171	952	3.49083
171	959	3.85671
171	966	3.69455
171	968	3.6831
171	976	3.92249
172	6	2.2941
172	24	2.63647
172	100	3.64829
172	139	2.79806
172	156	2.79806
172	214	2.98587
172	255	2.98587
172	300	3.46313
172	781	3.68855
172	803	4.65084
172	928	4.53365
173	35	2.33665
173	359	2.80601
173	387	2.88053
173	396	2.94802
173	418	2.88187
173	522	3.57199
173	601	3.7083
173	643	3.80976
173	647	3.81955
173	668	4.0719
173	760	3.46429
174	97	1.5321
174	216	3.04381
174	484	2.63674
174	506	2.90535
174	608	3.23384
174	626	3.41418
174	631	3.40796
174	636	3.36264
174	665	3.69996
174	674	3.89686
174	957	4.74495
175	500	3.74764
175	624	1.96104
175	704	2.93462
175	705	2.80491
175	706	3.13422
175	738	3.07132
175	759	3.06984
175	774	3.37971
175	936	4.50769
175	955	3.88204
175	979	4.08919
176	16	2.9435
176	32	2.9435
176	71	2.89334
176	83	2.89334
176	91	3.29457
176	106	3.07844
176	151	3.07844
176	190	3.07844
176	225	3.58707
176	829	5.04395
176	872	3.45962
177	193	2.46823
177	217	2.40893
177	335	2.647
177	398	2.96073
177	498	3.46089
177	529	3.43623
177	549	3.81385
177	592	3.67722
177	614	3.6002
177	663	3.88445
177	698	4.29069
178	571	3.17583
178	634	2.56896
178	685	2.63163
178	788	3.14642
178	792	3.19903
178	802	3.08493
178	836	3.61909
178	837	3.56449
178	842	3.60038
178	853	3.63159
178	862	3.78807
179	215	2.31452
179	330	2.30049
179	497	2.97231
179	509	3.34445
179	594	3.58221
179	612	3.56671
179	623	3.54726
179	629	3.6333
179	632	3.69864
179	659	3.87469
179	972	4.24986
180	21	3.25229
180	31	3.25229
180	33	3.25229
180	48	3.22733
180	64	3.22733
180	78	3.22733
180	92	3.22733
180	149	3.37067
180	150	3.37067
180	325	4.68722
180	513	3.42706
181	67	3.64829
181	195	2.71056
181	294	3.11897
181	391	2.89393
181	405	3.20552
181	423	3.33604
181	448	2.99116
181	501	3.47294
181	534	3.47294
181	553	3.47294
181	860	4.1596
182	337	2.70484
182	424	3.19325
182	463	2.77368
182	496	2.96581
182	536	3.04038
182	563	3.00904
182	564	3.3423
182	589	3.37194
182	602	3.37194
182	625	3.37194
182	965	4.88271
183	81	2.39179
183	96	2.27487
183	280	2.8775
183	306	3.05532
183	379	5.23832
183	399	3.53492
183	401	2.19466
183	414	3.30801
183	491	3.79149
183	520	3.85922
183	967	5.54681
184	38	2.48336
184	75	2.63522
184	102	2.87156
184	103	2.87156
184	114	3.18198
184	130	2.87156
184	207	3.3802
184	263	3.3802
184	676	4.0461
184	875	4.67696
184	882	4.48198
185	160	2.41183
185	260	2.36838
185	421	3.10279
185	424	2.90576
185	539	3.21822
185	540	3.51458
185	574	4.06138
185	591	3.50531
185	597	3.50147
185	711	3.89031
185	804	4.41593
186	15	3.11311
186	23	3.11197
186	39	3.19744
186	46	3.11197
186	68	3.1211
186	74	3.11311
186	203	3.79573
186	224	3.42339
186	228	3.42339
186	237	3.42339
186	605	3.51145
187	398	2.86955
187	403	3.09301
187	413	2.81534
187	420	2.72311
187	426	3.14646
187	529	3.34505
187	592	3.58604
187	609	3.26325
187	663	3.79327
187	698	4.1995
187	870	3.84346
188	119	2.54005
188	208	2.64985
188	211	2.63464
188	318	2.89819
188	373	3.3353
188	406	3.10182
188	479	3.63763
188	494	3.79981
188	568	3.75216
188	718	4.48513
188	794	3.51926
189	17	2.5028
189	65	2.605
189	118	2.72632
189	210	3.17338
189	223	2.91144
189	231	2.87344
189	353	3.58637
189	605	3.79129
189	763	3.9263
189	963	4.15547
189	974	4.73824
190	16	2.9435
190	32	2.9435
190	71	2.89334
190	83	2.89334
190	91	3.29457
190	106	3.07844
190	151	3.07844
190	176	3.07844
190	225	3.58707
190	513	3.38908
190	829	5.04395
191	116	2.78142
191	254	2.49493
191	347	2.92856
191	518	2.96345
191	537	3.03476
191	540	3.47535
191	591	3.46608
191	597	3.46225
191	711	3.85108
191	804	4.3767
191	833	4.44991
192	336	2.20646
192	449	2.62856
192	510	2.98661
192	598	3.36106
192	608	3.33992
192	626	3.52025
192	631	3.51404
192	636	3.46871
192	665	3.80604
192	674	4.00294
192	980	4.45322
193	177	2.46823
193	217	2.47646
193	271	2.70705
193	413	2.97405
193	426	3.30517
193	529	3.50376
193	609	3.42196
193	614	3.66773
193	663	3.95198
193	698	4.35821
193	953	3.92916
194	97	2.74325
194	838	2.73057
194	866	2.87584
194	895	3.34427
194	922	3.84021
194	923	3.89533
194	924	3.657
194	940	1.30033
194	948	4.0735
194	949	3.97248
194	961	4.44538
195	181	2.71056
195	391	3.33066
195	405	3.64224
195	423	3.77277
195	448	3.42789
195	501	3.90966
195	534	3.90966
195	553	3.90966
195	683	4.20286
195	806	1.40702
195	860	4.59633
195	928	3.17488
196	412	1.70317
196	692	2.62132
196	773	2.84765
196	809	3.3343
196	816	3.26297
196	834	3.52188
196	856	3.66248
196	876	4.02224
196	897	3.06217
196	941	4.03978
196	972	4.42306
196	994	4.95105
197	460	1.84786
197	692	2.67509
197	729	2.5312
197	757	2.89189
197	809	3.38806
197	816	3.31674
197	834	3.57564
197	856	3.71624
197	876	4.076
197	877	4.87898
197	987	4.38877
197	994	5.00482
198	266	2.7007
198	344	2.84349
198	359	2.90915
198	387	2.98368
198	396	3.05116
198	486	3.42691
198	522	3.67514
198	601	3.81144
198	643	3.9129
198	647	3.92269
198	668	4.17504
198	809	4.11219
199	142	2.87479
199	279	2.68651
199	299	2.54104
199	386	3.3411
199	453	3.25627
199	461	3.14353
199	516	3.3497
199	534	4.58293
199	559	3.53987
199	560	3.64022
199	621	3.65115
199	932	5.38812
200	867	1.90025
200	885	2.19577
200	892	2.81987
200	896	4.19867
200	943	3.26669
200	973	3.54008
200	978	3.73553
200	984	3.78166
200	991	3.93563
200	992	3.93357
200	996	4.20757
200	998	4.09568
201	246	0.434562
201	616	4.58908
201	653	2.20561
201	768	3.29533
201	807	3.74226
201	894	4.50777
201	898	4.66979
201	902	4.68353
201	919	4.90471
201	941	4.46784
201	942	0.524544
201	971	4.50088
202	366	4.11503
202	728	1.41344
202	769	1.48977
202	835	2.6033
202	881	2.98273
202	938	3.85314
202	940	3.82248
202	951	4.23903
202	953	4.17365
202	956	4.16902
202	964	4.34858
202	969	4.31716
203	15	3.63911
203	23	3.63796
203	46	3.63796
203	68	3.6471
203	74	3.63911
203	101	3.5672
203	186	3.79573
203	224	3.94938
203	228	3.94938
203	237	3.94938
203	862	0.201181
203	878	4.00338
204	766	1.76116
204	854	2.4283
204	880	2.93799
204	883	2.8922
204	906	3.3934
204	927	3.63967
204	949	4.13165
204	959	4.27002
204	966	4.10786
204	968	4.09641
204	976	4.3358
204	1000	3.5495
205	477	1.18554
205	557	1.76367
205	712	2.47758
205	763	4.07895
205	799	3.05147
205	839	3.58267
205	846	3.48071
205	903	4.09978
205	913	4.22168
205	926	4.43541
205	929	4.5569
205	931	4.5569
206	623	0.290511
206	870	3.18777
206	878	3.25969
206	898	3.74011
206	902	3.75384
206	907	3.75286
206	913	3.71471
206	919	3.97502
206	926	3.92844
206	929	4.04993
206	931	4.04993
206	961	3.56789
207	38	2.992
207	75	3.14386
207	102	3.3802
207	103	3.3802
207	114	3.69062
207	130	3.3802
207	184	3.3802
207	263	3.88883
207	504	0.390199
207	818	3.71711
207	875	5.1856
207	882	4.99062
208	49	2.61185
208	122	2.65666
208	188	2.64985
208	211	2.66163
208	373	3.36228
208	479	3.66461
208	494	3.82679
208	568	3.77914
208	571	3.782
208	576	3.90537
208	718	4.51211
208	867	3.53919
209	431	1.39903
209	531	2.03204
209	696	4.25439
209	699	2.94662
209	772	3.50401
209	776	3.79866
209	806	3.91345
209	817	3.82238
209	820	3.88785
209	827	4.04215
209	828	3.95492
209	930	4.11117
210	65	2.91654
210	118	3.03785
210	189	3.17338
210	231	3.18497
210	249	3.40648
210	277	3.55716
210	353	3.8979
210	382	5.23832
210	676	4.9504
210	763	4.23783
210	897	1.09657
210	974	5.04977
211	188	2.63464
211	208	2.66163
211	318	2.90996
211	340	3.16183
211	373	3.34708
211	419	3.08515
211	479	3.64941
211	494	3.81159
211	568	3.76393
211	576	3.89017
211	718	4.49691
211	822	4.35228
212	734	1.54207
212	835	2.32181
212	881	2.70124
212	886	4.31214
212	938	3.57166
212	940	3.54099
212	951	3.95754
212	953	3.89216
212	956	3.88753
212	963	3.89455
212	964	4.0671
212	969	4.03567
213	251	4.15692
213	598	3.0992
213	626	3.25839
213	631	3.25217
213	661	3.2742
213	665	3.54417
213	666	3.46818
213	681	3.46818
213	695	3.8052
213	814	1.84949
213	957	4.58916
213	989	5.65344
214	6	2.38349
214	24	2.72587
214	139	2.88746
214	156	2.88746
214	172	2.98587
214	255	3.07526
214	300	3.55253
214	596	3.77314
214	781	3.77794
214	803	4.74024
214	928	4.62305
214	993	4.50008
215	40	2.31178
215	179	2.31452
215	410	3.30093
215	488	3.06496
215	497	3.22477
215	509	3.59691
215	594	3.83468
215	623	3.79972
215	629	3.88576
215	632	3.95111
215	659	4.12716
215	884	4.4117
216	142	3.20212
216	174	3.04381
216	279	3.01384
216	299	2.86837
216	386	3.66844
216	395	3.4538
216	499	1.71759
216	516	3.67703
216	559	3.8672
216	560	3.96756
216	621	3.97848
216	932	5.71546
217	177	2.40893
217	193	2.47646
217	420	2.82252
217	426	3.24587
217	498	3.46912
217	529	3.44446
217	609	3.36266
217	614	3.60843
217	663	3.89268
217	698	4.29891
217	704	3.34803
217	718	4.38228
218	79	2.7328
218	115	2.83425
218	278	4.68722
218	288	3.11455
218	345	3.28804
218	364	3.286
218	367	3.67822
218	384	3.28804
218	417	3.53191
218	441	3.54819
218	490	4.03523
218	554	4.07507
219	89	2.7196
219	105	3.11769
219	296	3.16543
219	334	3.34648
219	363	3.58516
219	375	3.72464
219	378	3.47827
219	434	3.54848
219	485	2.82693
219	512	3.76157
219	585	4.13805
219	917	4.09018
220	42	2.06509
220	85	2.15252
220	120	0.397965
220	348	3.03046
220	455	3.3404
220	487	3.68655
220	523	7.00928
220	550	3.54988
220	555	3.54988
220	675	3.98991
220	994	6.23777
220	997	5.80983
221	70	2.79064
221	80	2.67469
221	280	3.115
221	350	3.84293
221	371	3.7611
221	399	3.77242
221	414	3.54551
221	491	4.02899
221	520	4.09672
221	660	0.0120942
221	910	4.67241
221	967	5.78431
222	1	2.33733
222	269	2.88779
222	291	2.81477
222	302	2.87194
222	304	4.68722
222	311	3.14516
222	376	2.80908
222	457	3.71225
222	475	3.21013
222	660	4.27538
222	803	4.52317
222	829	4.8253
223	118	2.77591
223	189	2.91144
223	231	2.92303
223	277	3.29522
223	353	3.63596
223	605	3.84087
223	676	4.68846
223	763	3.97588
223	818	3.383
223	968	0.20756
223	974	4.78782
224	15	3.26676
224	23	3.26562
224	39	3.35109
224	46	3.26562
224	68	3.27475
224	74	3.26676
224	101	3.19485
224	186	3.42339
224	203	3.94938
224	228	3.57704
224	237	3.57704
224	619	8.28191
225	16	3.45213
225	32	3.45213
225	71	3.40198
225	83	3.40198
225	91	3.8032
225	106	3.58707
225	151	3.58707
225	176	3.58707
225	190	3.58707
225	370	5.23832
225	802	4.766
225	829	5.55259
226	163	1.64167
226	351	2.49453
226	493	2.1283
226	603	2.87051
226	730	3.61095
226	734	3.61238
226	739	3.63364
226	743	3.97328
226	782	3.95002
226	787	4.19585
226	793	4.21306
226	941	4.70051
227	375	3.24255
227	566	1.69191
227	630	2.38834
227	688	2.79753
227	772	3.36663
227	776	3.66128
227	806	3.77607
227	818	3.69233
227	820	3.75046
227	827	3.90477
227	828	3.81754
227	962	4.56544
228	15	3.26676
228	23	3.26562
228	39	3.35109
228	46	3.26562
228	68	3.27475
228	74	3.26676
228	101	3.19485
228	186	3.42339
228	203	3.94938
228	224	3.57704
228	237	3.57704
228	692	4.58877
229	19	2.61919
229	22	2.70495
229	137	3.18775
229	235	2.92802
229	282	3.37379
229	323	3.19478
229	392	3.64013
229	407	3.37078
229	438	3.66236
229	440	3.37078
229	911	5.35977
229	925	4.30365
230	349	2.44169
230	358	2.58274
230	570	3.11013
230	595	3.48789
230	599	3.26381
230	678	3.73928
230	710	4.06748
230	758	3.97906
230	899	4.42983
230	925	4.49611
230	928	0.558939
230	989	6.24412
231	17	2.51439
231	65	2.61659
231	189	2.87344
231	210	3.18497
231	223	2.92303
231	249	3.10654
231	277	3.25722
231	353	3.59796
231	676	4.65046
231	763	3.93789
231	961	3.89273
231	974	4.74982
232	637	1.96378
232	751	2.87023
232	790	3.14432
232	800	3.23071
232	814	3.18568
232	824	3.41007
232	843	3.5567
232	844	3.53553
232	855	3.7581
232	858	3.6904
232	891	3.96354
232	999	5.06678
233	268	4.24951
233	688	2.52288
233	699	2.53458
233	776	3.38663
233	806	3.50142
233	817	3.41035
233	818	3.41768
233	820	3.47581
233	827	3.63012
233	828	3.54289
233	930	3.69914
233	962	4.29079
234	104	2.47871
234	146	2.47871
234	161	2.47871
234	247	2.67864
234	304	3.01045
234	356	3.15591
234	381	3.46135
234	604	2.77834
234	859	4.29247
234	975	5.03907
234	995	5.19244
234	1000	5.40657
235	19	2.48066
235	86	4.15692
235	229	2.92802
235	242	2.72355
235	282	3.23525
235	323	3.05624
235	407	3.23224
235	438	3.52382
235	440	3.23224
235	605	3.7551
235	683	4.02395
235	911	5.22123
236	82	2.18518
236	293	2.83019
236	316	2.72089
236	329	3.00361
236	342	3.27171
236	343	3.01012
236	381	3.47783
236	437	3.19966
236	470	3.34844
236	525	3.74012
236	910	5.12427
236	934	4.97811
237	15	3.26676
237	23	3.26562
237	39	3.35109
237	46	3.26562
237	68	3.27475
237	74	3.26676
237	101	3.19485
237	186	3.42339
237	203	3.94938
237	224	3.57704
237	228	3.57704
237	491	4.61488
238	447	1.89333
238	532	2.3866
238	624	2.5994
238	638	2.84525
238	704	3.57299
238	705	3.44328
238	713	3.6972
238	759	3.70821
238	774	4.01807
238	955	4.52041
238	979	4.72756
238	980	4.96185
239	658	2.02397
239	727	2.19875
239	745	2.2358
239	768	2.79147
239	797	4.53476
239	861	3.61967
239	870	3.61359
239	894	4.00391
239	898	4.16593
239	902	4.17967
239	907	4.17869
239	919	4.40085
240	286	2.4693
240	401	2.07846
240	484	2.71063
240	506	2.97923
240	510	2.95442
240	598	3.32887
240	626	3.48806
240	631	3.48185
240	636	3.43652
240	665	3.77385
240	674	3.97075
240	957	4.81883
241	357	0.778783
241	658	2.25433
241	674	3.91905
241	727	2.42912
241	768	3.02184
241	832	3.56239
241	861	3.85003
241	870	3.84396
241	894	4.23428
241	898	4.3963
241	902	4.41004
241	919	4.63122
242	22	2.50048
242	153	4.15692
242	235	2.72355
242	282	3.16931
242	323	2.99031
242	392	3.43566
242	407	3.1663
242	438	3.45789
242	440	3.1663
242	605	3.68917
242	683	3.95802
242	911	5.1553
243	5	2.19658
243	35	2.61492
