1	478	1.94917
1	720	1.41257
1	826	2.39324
1	885	3.37889
1	900	2.96991
1	902	3.43524
1	904	4.3792
1	923	3.85951
1	928	3.54598
1	954	4.30288
2	208	2.43571
2	220	2.23414
2	251	4.08537
2	259	2.43571
2	332	2.90708
2	435	2.50857
2	626	3.10795
2	699	3.75439
2	752	4.03165
2	787	4.11717
3	160	2.84403
3	186	1.10395
3	217	2.91183
3	266	2.89012
3	357	3.33886
3	366	3.56413
3	577	3.71821
3	628	3.46391
3	662	2.56714
3	841	5.21446
4	88	1.53814
4	311	2.43107
4	417	2.87625
4	440	2.87625
4	459	2.87625
4	470	3.30573
4	808	2.2961
4	899	4.04653
4	922	5.348
4	954	4.02868
5	493	1.55744
5	876	2.30999
5	904	2.83052
5	917	3.18137
5	920	3.05477
5	924	3.35413
5	928	4.76771
5	930	3.32342
5	947	3.62201
5	949	3.62201
6	11	2.97286
6	51	2.89185
6	80	2.89185
6	113	3.01638
6	137	3.45886
6	142	3.01638
6	239	3.52502
6	269	3.52502
6	884	3.8202
6	993	2.50249
7	189	2.10962
7	689	2.38256
7	708	2.05185
7	796	2.78224
7	827	3.05726
7	839	3.06021
7	863	4.2423
7	890	3.81943
7	906	3.75452
7	948	4.39014
8	525	2.25702
8	600	2.32236
8	668	3.06502
8	682	3.12463
8	710	2.93576
8	760	3.48886
8	794	3.80779
8	799	2.32094
8	846	4.00405
8	898	4.29676
9	492	1.23114
9	725	1.22222
9	862	2.62058
9	885	3.30454
9	902	3.36089
9	913	3.30466
9	923	3.78516
9	928	3.47163
9	954	4.22853
9	971	5.09312
10	377	4.22438
10	592	2.09584
10	876	2.31496
10	908	2.79567
10	917	3.18635
10	920	3.05975
10	924	3.3591
10	930	3.3284
10	947	3.62699
10	949	3.62699
11	6	2.97286
11	23	2.97286
11	51	2.97286
11	80	2.97286
11	113	3.09738
11	142	3.09738
11	174	4.5456
11	239	3.60602
11	269	3.60602
11	785	1.7937
12	447	2.61185
12	575	1.74308
12	602	3.72347
12	748	2.37035
12	816	2.86701
12	820	2.86701
12	885	3.62052
12	902	3.67688
12	915	3.60887
12	954	4.54451
13	39	2.78462
13	57	2.89071
13	84	2.5342
13	90	2.78462
13	102	2.92255
13	103	2.92255
13	205	3.43119
13	222	3.77462
13	635	3.52725
13	781	4.03474
14	346	3.71364
14	662	2.62092
14	895	1.82806
14	911	2.17238
14	945	3.2174
14	955	3.19736
14	964	3.44255
14	976	3.70207
14	980	3.80614
14	988	3.93227
15	124	2.65099
15	127	2.56293
15	191	2.90457
15	260	2.90457
15	304	1.65932
15	329	3.15963
15	348	3.37594
15	699	4.23929
15	719	3.50029
15	892	4.66877
16	255	3.03008
16	306	2.69395
16	325	2.69954
16	449	3.35103
16	452	3.20033
16	511	3.26246
16	532	3.67232
16	550	3.38851
16	944	3.44416
16	988	2.8843
17	42	1.3761
17	53	2.77237
17	104	2.70026
17	208	2.90443
17	228	3.2089
17	259	2.90443
17	279	3.2089
17	332	3.37581
17	699	4.22312
17	986	4.94703
18	32	1.25622
18	521	2.50297
18	578	2.81003
18	616	2.9092
18	650	3.13595
18	672	2.85985
18	678	3.4789
18	713	3.46325
18	742	3.71228
18	961	5.49268
19	537	2.70435
19	592	2.48217
19	624	2.5862
19	643	3.72683
19	653	3.1229
19	661	3.41299
19	768	2.41142
19	774	1.6835
19	861	4.85136
19	937	4.65015
20	440	0.66396
20	625	1.87741
20	669	2.64144
20	733	2.70619
20	797	3.36022
20	805	3.3385
20	817	3.66884
20	823	3.39766
20	922	4.30796
20	987	5.66406
21	137	1.48081
21	298	1.7827
21	542	2.10576
21	714	2.85954
21	786	3.34541
21	808	3.78686
21	809	3.51694
21	822	3.98306
21	828	4.84428
21	840	3.91795
22	538	3.02322
22	541	2.87759
22	567	3.15772
22	638	3.39359
22	719	5.11389
22	731	4.2143
22	767	4.30095
22	780	4.33084
22	954	0.000606543
22	982	1.22819
23	11	2.97286
23	51	2.89185
23	80	2.89185
23	113	3.01638
23	137	3.45886
23	142	3.01638
23	194	3.70186
23	239	3.52502
23	269	3.52502
23	460	2.62762
24	253	1.59749
24	254	3.45232
24	395	2.87027
24	541	2.63524
24	558	2.83946
24	567	2.91537
24	658	3.19165
24	731	3.97195
24	767	4.0586
24	780	4.08848
25	99	3.06755
25	193	2.67039
25	211	3.09503
25	229	3.09503
25	262	2.67039
25	283	2.67039
25	316	3.14177
25	502	2.51713
25	858	4.88767
25	954	3.80782
26	246	0.575145
26	635	2.04708
26	640	2.21121
26	643	2.81542
26	661	2.50158
26	795	3.20702
26	813	3.15577
26	861	3.93995
26	887	6.34131
26	966	4.84505
27	131	0.982814
27	384	1.96474
27	429	2.27275
27	494	2.41491
27	519	2.59592
27	564	2.98205
27	873	4.39861
27	909	3.78563
27	918	5.33088
27	919	4.88361
28	139	2.90292
28	160	2.92998
28	185	2.93536
28	217	2.99778
28	357	3.42482
28	366	3.65009
28	577	3.80417
28	581	3.64118
28	662	2.6531
28	676	2.68173
29	96	2.78397
29	138	1.34737
29	201	1.45551
29	241	1.48004
29	320	3.4424
29	655	3.14538
29	683	3.59217
29	898	4.44723
29	912	4.42435
29	978	5.40617
30	123	0.146407
30	232	8.31384
30	306	2.54345
30	374	2.60403
30	478	2.3544
30	479	2.24277
30	654	3.08619
30	664	2.95744
30	871	4.61333
30	886	4.89661
31	151	1.67935
31	424	2.2964
31	444	2.30551
31	517	2.93463
31	559	2.9237
31	675	3.26407
31	882	5.22967
31	945	1.09817
31	966	5.51266
31	977	4.38191
32	18	1.25622
32	143	2.32141
32	147	1.47204
32	578	3.04293
32	616	3.14211
32	650	3.36885
32	680	3.3453
32	742	3.94519
32	901	4.00655
32	961	5.72558
33	231	1.28377
33	379	1.65732
33	601	2.67521
33	618	0.856577
33	655	2.99929
33	683	3.44607
33	912	4.27826
33	978	5.26008
33	994	4.55062
34	396	0.783326
34	416	2.27648
34	450	4.04767
34	515	0.660147
34	836	2.63519
34	897	3.41755
34	933	4.14508
34	963	4.31215
34	965	4.40374
34	994	4.94103
35	62	3.40214
35	187	2.90971
35	376	0.608394
35	529	2.39806
35	601	2.56383
35	655	2.88791
35	683	3.33469
35	898	4.18976
35	912	4.16688
35	978	5.1487
36	53	2.77237
36	104	2.70026
36	208	2.90443
36	228	3.2089
36	259	2.90443
36	279	3.2089
36	332	3.37581
36	699	4.22312
36	900	3.41591
36	985	2.91377
37	464	2.6853
37	474	2.837
37	537	1.50155
37	555	2.3856
37	652	3.30477
37	674	3.16911
37	752	3.71864
37	755	3.39364
37	787	3.80415
37	953	4.81322
38	165	2.78877
38	565	3.54627
38	610	0.815239
38	619	0.111705
38	942	3.17283
38	970	3.91134
38	983	4.1727
38	990	4.31174
38	998	4.45461
38	999	4.34806
39	13	2.78462
39	57	2.89071
39	65	2.78462
39	102	2.92255
39	103	2.92255
39	205	3.43119
39	546	2.7703
39	635	3.52725
39	751	3.54995
39	781	4.03474
40	197	2.53111
40	304	2.93009
40	322	3.01186
40	343	1.94078
40	385	3.04761
40	405	2.91719
40	425	3.38625
40	557	3.8956
40	583	3.40322
40	778	4.56782
41	196	1.85198
41	393	2.17405
41	469	3.20465
41	553	3.11732
41	569	1.91192
41	738	3.55474
41	739	3.97287
41	789	3.66901
41	804	4.28595
41	835	3.87771
42	17	1.3761
42	585	0.0670104
42	812	4.95204
42	883	2.35276
42	897	2.59676
42	965	3.58295
42	967	3.781
42	970	4.07322
42	983	4.33458
42	999	4.50994
43	475	1.67665
43	605	2.33815
43	702	3.09296
43	721	3.11702
43	737	3.05549
43	748	3.13998
43	749	3.28133
43	812	4.65725
43	816	3.63664
43	820	3.63664
44	549	2.05493
44	571	0.0783798
44	836	4.27811
44	934	3.21192
44	960	3.21152
44	982	3.44407
44	987	3.61417
44	989	3.82582
44	991	3.93128
44	993	3.98106
45	85	2.31069
45	522	3.96837
45	751	2.50703
45	765	2.49112
45	781	2.31208
45	793	2.35345
45	889	3.33391
45	925	3.98148
45	936	3.98566
45	958	4.33348
46	475	2.39438
46	553	2.50432
46	612	2.61736
46	644	3.04787
46	676	3.22707
46	690	3.09171
46	719	5.65389
46	858	4.10887
46	873	4.30665
46	961	0.675751
47	271	2.70917
47	300	3.18054
47	317	2.8928
47	326	2.8928
47	400	3.45011
47	408	3.11401
47	430	3.5294
47	451	3.5294
47	467	0.102114
47	948	6.2196
48	151	0.518831
48	167	2.78993
48	215	3.1716
48	236	3.21204
48	249	2.86689
48	261	3.26018
48	292	3.33483
48	310	3.29113
48	383	3.37163
48	925	5.80825
49	55	1.72146
49	124	6.31366
49	400	2.53283
49	408	2.19674
49	430	2.61212
49	451	2.61212
49	658	2.7522
49	767	3.61915
49	780	3.64903
49	878	3.60258
50	252	1.27342
50	396	3.3802
50	589	2.54147
50	594	2.63782
50	667	3.0087
50	698	3.14356
50	724	3.28791
50	734	3.63503
50	754	3.28433
50	961	5.49469
51	6	2.89185
51	11	2.97286
51	23	2.89185
51	107	1.39749
51	113	3.01638
51	137	3.45886
51	142	3.01638
51	239	3.52502
51	269	3.52502
51	943	4.92458
52	460	2.79591
52	520	3.18146
52	543	2.82928
52	565	3.21541
52	606	3.08663
52	645	3.43989
52	657	3.43989
52	771	3.30974
52	928	3.82375
52	940	2.50213
53	17	2.77237
53	36	2.77237
53	104	2.94205
53	208	3.14623
53	228	3.45069
53	259	3.14623
53	279	3.45069
53	332	3.6176
53	344	2.01207
53	463	4.31804
54	338	3.39779
54	501	1.88665
54	534	2.92639
54	589	2.46389
54	634	2.77487
54	698	3.06597
54	724	3.21032
54	734	3.55744
54	754	3.20674
54	959	5.13234
55	49	1.72146
55	271	2.95612
55	300	3.42749
55	317	3.13975
55	326	3.13975
55	408	3.36096
55	430	3.77635
55	451	3.77635
55	713	2.64028
55	913	3.68139
56	695	2.07475
56	891	1.6943
56	942	2.45203
56	952	4.24901
56	970	3.19055
56	983	3.4519
56	990	3.59094
56	992	3.55744
56	998	3.73381
56	999	3.62726
57	13	2.89071
57	39	2.89071
57	65	2.89071
57	90	2.89071
57	102	3.02864
57	103	3.02864
57	205	3.53728
57	781	4.14083
57	932	2.95556
57	948	3.36774
58	410	3.23583
58	826	2.16978
58	879	3.09109
58	885	3.15543
58	900	2.74645
58	902	3.21178
58	913	3.15555
58	915	3.14377
58	923	3.63605
58	954	4.07942
59	333	1.8942
59	682	3.04244
59	710	2.85357
59	722	3.21382
59	728	2.94735
59	760	3.40667
59	794	3.7256
59	896	2.78523
59	898	4.21457
59	905	3.54734
60	191	2.04046
60	260	2.04046
60	348	2.51183
60	599	2.51946
60	719	2.63618
60	784	3.4137
60	801	3.57184
60	855	3.80164
60	893	4.42969
60	894	4.65407
61	380	1.57853
61	625	2.36006
61	669	3.12408
61	686	3.04119
61	705	2.36145
61	750	3.65005
61	797	3.84286
61	805	3.82115
61	823	3.8803
61	898	3.96001
62	35	3.40214
62	139	2.93443
62	145	2.88125
62	160	2.9615
62	185	2.96687
62	217	3.0293
62	266	3.00759
62	366	3.6816
62	569	2.92763
62	577	3.83568
63	473	2.13173
63	619	0.337591
63	779	1.10494
63	803	4.17966
63	903	2.58428
63	942	3.39871
63	986	4.15045
63	990	4.53762
63	992	4.50413
63	998	4.68049
64	92	2.2833
64	179	2.79681
64	255	3.04438
64	325	2.71384
64	449	3.36534
64	452	3.21464
64	532	3.68663
64	759	4.19328
64	887	5.72099
64	958	0.621578
65	39	2.78462
65	57	2.89071
65	90	2.78462
65	102	2.92255
65	103	2.92255
65	205	3.43119
65	449	4.23434
65	479	2.07366
65	635	3.52725
65	781	4.03474
66	168	1.5782
66	435	2.26178
66	464	2.75152
66	566	3.25984
66	674	3.23533
66	752	3.78486
66	755	3.45987
66	787	3.87038
66	890	3.06868
66	916	4.35628
67	76	2.00853
67	256	4.26862
67	937	2.57796
67	941	2.55371
67	962	3.13164
67	964	3.14355
67	975	3.34791
67	976	3.40307
67	980	3.50713
67	988	3.63326
68	829	3.76119
68	869	2.56065
68	926	2.45886
68	938	2.7985
68	939	2.86808
68	969	3.44194
68	979	3.19144
68	985	3.2673
68	996	3.62547
68	997	3.64663
69	285	2.45178
69	429	2.20317
69	494	2.34533
69	519	2.52634
69	564	2.91248
69	609	1.68113
69	736	4.64743
69	873	4.32903
69	909	3.71605
69	919	4.81403
70	334	2.45099
70	342	2.92505
70	442	3.00354
70	495	3.15798
70	523	3.56655
70	560	3.20253
70	574	3.66737
70	598	3.3242
70	684	2.22453
70	946	4.09795
71	296	1.4376
71	453	2.08278
71	521	2.38826
71	578	2.69531
71	616	2.79449
71	678	3.36418
71	680	2.99768
71	742	3.59757
71	961	5.37796
71	975	4.87798
72	123	3.18541
72	167	2.8619
72	176	2.76638
72	249	2.93887
72	261	3.33216
72	292	3.4068
72	310	3.3631
72	383	3.4436
72	862	3.50683
72	921	2.81957
73	432	2.61382
73	434	2.49183
73	517	3.14445
73	604	3.26
73	607	1.42689
73	675	3.4739
73	748	2.73422
73	813	2.15564
73	966	5.72249
73	977	4.59173
74	304	1.90584
74	383	0.537817
74	393	2.08314
74	540	2.50215
74	712	3.74224
74	738	3.46383
74	739	3.88196
74	804	4.19504
74	824	3.52402
74	991	5.78862
75	187	2.16924
75	196	1.82931
75	393	2.15138
75	434	2.10994
75	680	4.22633
75	712	3.81048
75	738	3.53207
75	739	3.9502
75	804	4.26328
75	824	3.59226
76	67	2.00853
76	445	1.7573
76	682	3.06199
76	708	4.3308
76	710	2.87313
76	722	3.23338
76	728	2.9669
76	760	3.42623
76	794	3.74516
76	898	4.23413
77	92	2.41131
77	306	2.83626
77	325	2.84185
77	328	3.11592
77	364	2.26178
77	452	3.34265
77	511	3.40477
77	532	3.81464
77	550	3.53082
77	567	4.07095
78	89	1.61564
78	193	3.14543
78	453	2.24782
78	521	2.5533
78	578	2.86035
78	650	3.18627
78	678	3.52922
78	742	3.76261
78	866	3.18535
78	961	5.543
79	282	2.91108
79	565	3.42186
79	779	0.348609
79	942	2.64238
79	983	3.64226
79	986	3.39412
79	990	3.78129
79	992	3.74779
79	998	3.92416
79	999	3.81761
80	6	2.89185
80	11	2.97286
80	23	2.89185
80	113	3.01638
80	137	3.45886
80	142	3.01638
80	239	3.52502
80	269	3.52502
80	838	3.62578
80	960	2.69983
81	186	1.7442
81	429	2.30426
81	494	2.44642
81	519	2.62742
81	559	2.97267
81	564	3.01356
81	625	3.34912
81	873	4.43012
81	909	3.81714
81	919	4.91511
82	403	3.53917
82	493	2.36885
82	508	2.27878
82	537	2.63961
82	597	2.7847
82	649	2.8155
82	653	3.05816
82	661	3.34825
82	813	4.00244
82	861	4.78662
83	806	2.05028
83	875	1.71083
83	934	3.03685
83	959	2.97937
83	978	3.30087
83	982	3.269
83	987	3.4391
83	991	3.7562
83	993	3.80599
83	1000	4.27352
84	13	2.5342
84	176	3.79956
84	413	0.0565105
84	836	1.9822
84	933	3.49209
84	965	3.75075
84	967	3.94879
84	972	4.0133
84	981	3.76654
84	994	4.28804
85	45	2.31069
85	129	2.76205
85	172	2.93988
85	219	2.69127
85	344	3.33464
85	346	2.78229
85	409	2.86317
85	482	3.38789
85	778	4.53704
85	863	4.02793
86	851	2.11439
86	852	2.16061
86	892	2.83914
86	905	2.81254
86	907	3.04989
86	944	3.69272
86	968	4.27995
86	972	2.46986
86	974	4.34899
86	983	3.86217
87	488	1.53667
87	820	4.782
87	852	2.02244
87	870	2.25077
87	892	2.70097
87	918	2.99104
87	940	3.42585
87	944	3.55455
87	968	4.14178
87	974	4.21082
88	4	1.53814
88	358	1.62851
88	417	2.66506
88	440	2.66506
88	459	2.66506
88	470	3.09453
88	598	3.78975
88	899	3.83534
88	922	5.13681
89	78	1.61564
89	222	2.56605
89	421	2.71181
89	426	2.5809
89	578	3.35203
89	616	3.45121
89	650	3.67795
89	680	3.65439
89	742	4.25428
89	908	3.75067
90	13	2.78462
90	57	2.89071
90	65	2.78462
90	102	2.92255
90	103	2.92255
90	149	7.29657
90	205	3.43119
90	324	0.000182336
90	635	3.52725
90	781	4.03474
91	192	3.05514
91	436	0.180942
91	879	2.84765
91	904	3.28499
91	908	3.24517
91	924	3.8086
91	930	3.7779
91	947	4.07649
91	949	4.07649
91	965	3.28255
92	64	2.2833
92	77	2.41131
92	328	2.94675
92	449	3.32417
92	452	3.17347
92	532	3.64546
92	550	3.36164
92	660	2.88006
92	674	3.44539
92	759	4.15211
93	433	2.5697
93	505	1.21018
93	715	2.74789
93	758	2.94491
93	776	3.74995
93	814	3.28671
93	837	3.47352
93	865	3.70372
93	874	3.9343
93	888	3.997
94	402	1.7593
94	549	0.103574
94	610	1.48034
94	619	0.776805
94	659	4.57083
94	903	3.02349
94	983	4.8378
94	992	4.94334
94	998	5.11971
94	999	5.01316
95	131	1.88261
95	455	2.60414
95	535	2.75619
95	553	3.04135
95	612	3.15439
95	644	3.5849
95	690	3.62874
95	858	4.6459
95	947	3.26981
95	964	3.0653
96	29	2.78397
96	396	3.58907
96	642	1.97167
96	715	2.54254
96	818	3.10624
96	837	3.26816
96	860	3.39064
96	865	3.49837
96	874	3.72895
96	888	3.79165
97	448	1.17462
97	492	1.56757
97	730	2.74888
97	741	2.84935
97	769	3.21521
97	783	3.21037
97	799	3.7662
97	846	3.68704
97	854	4.25359
97	870	5.14534
98	415	2.60834
98	590	2.05644
98	603	2.25393
98	642	2.54797
98	758	3.31585
98	762	3.20579
98	837	3.84446
98	843	3.68965
98	860	3.96694
98	874	4.30525
98	978	4.6935
99	25	3.06755
99	134	3.22227
99	135	3.22227
99	193	3.39711
99	262	3.39711
99	283	3.39711
99	316	3.86848
99	829	1.03166
99	858	5.61439
99	946	3.31131
99	977	2.95045
100	522	0.338461
100	855	3.14069
100	901	2.89144
100	914	3.22347
100	926	3.3544
100	929	3.53879
100	933	4.15252
100	938	3.69404
100	939	3.76362
100	952	4.04461
100	969	4.33747
101	388	4.47428
101	856	2.81822
101	859	2.29432
101	863	2.4867
101	884	2.38929
101	914	3.18494
101	926	3.31587
101	929	3.50026
101	950	3.7099
101	952	4.00608
101	969	4.29894
102	13	2.92255
102	39	2.92255
102	57	3.02864
102	65	2.92255
102	90	2.92255
102	103	3.06048
102	205	3.56912
102	635	3.66518
102	743	3.07086
102	781	4.17267
102	854	4.22148
103	13	2.92255
103	39	2.92255
103	57	3.02864
103	65	2.92255
103	90	2.92255
103	102	3.06048
103	205	3.56912
103	268	1.83372
103	607	5.45059
103	635	3.66518
103	781	4.17267
104	17	2.70026
104	36	2.70026
104	53	2.94205
104	208	3.07412
104	228	3.37859
104	259	3.07412
104	279	3.37859
104	332	3.5455
104	699	4.39281
104	903	3.58824
104	984	3.71198
105	200	2.23508
105	302	4.72717
105	519	2.70215
105	564	3.08829
105	640	0.326773
105	712	3.65208
105	738	3.37366
105	739	3.79179
105	835	3.69663
105	909	3.89186
105	919	4.98984
106	334	2.52037
106	442	3.07291
106	468	3.19492
106	495	3.22736
106	509	3.1326
106	523	3.63592
106	560	3.27191
106	574	3.73674
106	598	3.39357
106	760	2.37257
106	915	4.92864
107	51	1.39749
107	431	2.42296
107	582	2.80016
107	663	3.24293
107	701	3.3595
107	766	3.85459
107	825	4.50205
107	831	4.50205
107	832	4.50205
107	908	2.52917
107	996	3.36903
108	128	3.08738
108	130	2.67226
108	203	2.81663
108	219	2.86022
108	344	3.50359
108	346	2.95124
108	409	3.03213
108	482	3.55684
108	715	3.46511
108	778	4.70599
108	921	3.83554
109	118	4.32962
109	354	2.95464
109	580	1.69611
109	764	2.48429
109	765	2.73493
109	777	2.52511
109	819	3.13608
109	889	3.57772
109	925	4.2253
109	936	4.22947
109	958	4.57729
110	663	3.68425
110	853	2.03398
110	877	1.60069
110	892	2.7001
110	937	3.11732
110	938	3.61107
110	944	3.55368
110	968	4.14091
110	974	4.20995
110	975	3.88726
110	976	3.94242
111	555	1.16702
111	763	1.24825
111	779	0.834981
111	903	2.31432
111	970	3.86727
111	983	4.12863
111	985	6.12683
111	986	3.88049
111	990	4.26766
111	992	4.23417
111	998	4.41053
112	209	0.208282
112	624	4.03947
112	841	2.76091
112	845	2.85329
112	863	3.00958
112	901	3.37579
112	929	4.02314
112	930	3.26034
112	938	4.17839
112	939	4.24797
112	952	4.52896
113	6	3.01638
113	11	3.09738
113	23	3.01638
113	51	3.01638
113	80	3.01638
113	137	3.58339
113	142	3.14091
113	239	3.64954
113	269	3.64954
113	815	3.48047
113	981	3.81879
114	575	2.66056
114	605	2.48601
114	642	3.04418
114	685	4.24022
114	702	3.24081
114	735	3.30958
114	737	3.20334
114	748	3.28783
114	749	3.42918
114	816	3.78449
114	820	3.78449
115	841	2.09586
115	863	2.34453
115	903	4.00422
115	914	3.04278
115	926	3.1737
115	929	3.35809
115	939	3.58292
115	950	3.56774
115	952	3.86391
115	969	4.15677
115	997	3.29558
116	260	3.64785
116	304	1.88734
116	602	2.87556
116	651	2.57626
116	712	3.72374
116	718	1.93451
116	738	3.44533
116	804	4.17654
116	824	3.50552
116	873	3.65655
116	919	5.0615
117	238	3.5338
117	512	1.68115
117	625	2.40005
117	647	3.75425
117	669	3.16408
117	685	3.17516
117	686	3.08118
117	750	3.69004
117	797	3.88286
117	817	4.19147
117	823	3.9203
118	109	4.32962
118	238	2.37958
118	342	3.06762
118	357	2.97331
118	468	3.26812
118	495	3.30055
118	509	3.20579
118	552	3.34283
118	560	3.3451
118	574	3.80994
118	598	3.46676
119	359	2.58547
119	460	3.11078
119	498	1.59983
119	520	3.49633
119	531	2.40824
119	543	3.14415
119	565	3.53029
119	606	3.40151
119	645	3.75477
119	657	3.75477
119	797	5.69343
120	274	2.88743
120	530	2.56579
120	650	1.82826
120	815	2.21731
120	868	2.89041
120	896	2.75067
120	963	4.09704
120	965	4.18862
120	967	4.38667
120	972	4.45117
120	981	4.20441
121	122	7.25741
121	175	1.10639
121	333	2.22247
121	445	2.06601
121	525	2.5031
121	668	3.3111
121	682	3.37071
121	722	3.54209
121	728	3.27562
121	760	3.73494
121	794	4.05387
122	121	7.25741
122	374	2.19282
122	704	3.42674
122	773	3.53075
122	800	0.000197209
122	811	3.89942
122	824	3.43027
122	834	4.01878
122	871	4.20212
122	880	0.0903379
122	886	4.4854
123	30	0.146407
123	72	3.18541
123	167	3.34917
123	215	3.73084
123	249	3.42614
123	261	3.81943
123	292	3.89407
123	310	3.85037
123	383	3.93087
123	482	3.25341
123	582	3.87009
124	15	2.65099
124	49	6.31366
124	127	2.65099
124	191	2.99264
124	260	2.99264
124	329	3.2477
124	348	3.46401
124	555	3.27159
124	699	4.32736
124	719	3.58836
124	912	0.988556
125	218	0.203365
125	261	1.83505
125	317	5.48531
125	774	1.58685
125	856	2.08684
125	934	3.75676
125	978	4.02079
125	987	4.15902
125	989	4.37066
125	991	4.47612
125	993	4.5259
126	461	2.1365
126	538	1.61358
126	576	3.07732
126	660	3.22425
126	702	3.80113
126	735	3.8699
126	737	3.76366
126	748	3.84815
126	816	4.34481
126	820	4.34481
126	939	2.45457
127	15	2.56293
127	124	2.65099
127	191	2.90457
127	260	2.90457
127	329	3.15963
127	348	3.37594
127	681	1.85291
127	682	4.47286
127	699	4.23929
127	719	3.50029
128	108	3.08738
128	130	3.05212
128	172	3.4887
128	219	3.24009
128	344	3.88346
128	409	3.41199
128	482	3.93671
128	671	1.14514
128	723	1.28843
128	778	5.08586
128	824	4.85866
129	85	2.76205
129	130	2.89575
129	203	3.04012
129	219	3.08371
129	323	3.4669
129	344	3.72708
129	346	3.17473
129	409	3.25562
129	482	3.78033
129	673	2.98108
129	970	4.31518
130	108	2.67226
130	128	3.05212
130	129	2.89575
130	203	2.78138
130	323	3.20816
130	344	3.46833
130	346	2.91598
130	482	3.52158
130	578	3.96126
130	778	4.67073
130	902	3.33503
131	27	0.982814
131	95	1.88261
131	307	2.05987
131	475	2.95673
131	535	2.78151
131	644	3.61022
131	676	3.78942
131	690	3.65406
131	744	3.78067
131	858	4.67122
131	937	6.31916
132	193	5.16841
132	227	1.58774
132	510	2.06057
132	729	3.02244
132	733	2.1298
132	753	3.4105
132	766	3.41269
132	800	3.5119
132	825	4.06016
132	831	4.06016
132	832	4.06016
133	339	0.900175
133	469	4.28624
133	695	2.89034
133	714	2.79121
133	786	3.27707
133	808	3.71853
133	809	3.44861
133	822	3.91473
133	840	3.84962
133	927	4.39601
133	938	3.00636
134	99	3.22227
134	135	2.65028
134	193	2.82512
134	211	3.24976
134	229	3.24976
134	262	2.82512
134	283	2.82512
134	316	3.29649
134	740	3.79673
134	858	5.04239
134	886	3.50499
135	99	3.22227
135	134	2.65028
135	193	2.82512
135	211	3.24976
135	229	3.24976
135	262	2.82512
135	283	2.82512
135	316	3.29649
135	715	3.79911
135	725	3.49478
135	858	5.04239
136	145	2.82716
136	185	2.91278
136	266	2.9535
136	357	3.40224
136	366	3.62751
136	552	3.52371
136	577	3.78159
136	628	3.52729
136	662	2.63052
136	785	3.51314
136	868	3.7883
137	6	3.45886
137	21	1.48081
137	23	3.45886
137	51	3.45886
137	80	3.45886
137	113	3.58339
137	142	3.58339
137	239	4.09203
137	269	4.09203
137	742	2.42308
137	836	3.39684
138	29	1.34737
138	161	1.33814
138	241	2.05058
138	379	2.37395
138	529	3.22606
138	655	3.71592
138	683	4.1627
138	912	4.99488
138	917	3.6673
138	978	5.97671
138	986	3.63564
139	28	2.90292
139	62	2.93443
139	145	2.99744
139	185	3.08306
139	217	3.14548
139	275	2.67171
139	357	3.57251
139	366	3.79779
139	577	3.95186
139	662	2.80079
139	840	4.61674
140	555	1.92902
140	652	2.84819
140	752	3.26206
140	755	2.93706
140	784	3.02331
140	787	3.34758
140	817	3.09445
140	831	4.192
140	842	3.67939
140	872	3.89601
140	894	4.26368
141	202	2.51749
141	347	2.65502
141	356	3.39522
141	418	3.36417
141	441	3.27924
141	450	3.27924
141	462	3.52279
141	490	3.52279
141	502	3.52279
141	503	3.52279
141	849	3.89445
142	6	3.01638
142	11	3.09738
142	23	3.01638
142	51	3.01638
142	80	3.01638
142	113	3.14091
142	137	3.58339
142	167	3.83768
142	239	3.64954
142	269	3.64954
142	454	3.39428
143	32	2.32141
143	388	0.293136
143	584	1.73169
143	796	3.13857
143	800	3.26457
143	864	3.83547
143	867	3.88981
143	890	4.17575
143	906	4.11084
143	922	4.97435
143	948	4.74646
144	426	0.520304
144	679	0.595787
144	763	1.34311
144	891	2.46588
144	942	3.22361
144	949	6.77658
144	970	3.96213
144	990	4.36252
144	992	4.32903
144	998	4.50539
144	999	4.39885
145	62	2.88125
145	136	2.82716
145	139	2.99744
145	185	3.02988
145	217	3.0923
145	266	3.07059
145	366	3.74461
145	577	3.89868
145	628	3.64438
145	798	2.30214
145	934	4.99981
146	628	4.88595
146	668	2.40781
146	747	1.86117
146	815	2.25326
146	868	2.92636
146	896	2.78662
146	897	3.23838
146	932	3.50744
146	933	3.96591
146	965	4.22457
146	967	4.42261
147	32	1.47204
147	368	2.2915
147	421	2.38563
147	578	3.02585
147	611	4.30155
147	644	3.00202
147	650	3.35177
147	678	3.69472
147	680	3.32821
147	742	3.9281
147	961	5.70849
148	279	0.451929
148	382	1.3295
148	533	0.549136
148	587	0.684674
148	875	3.26703
148	933	5.50979
148	934	4.59304
148	960	4.59265
148	982	4.82519
148	991	5.3124
148	993	5.36218
149	90	7.29657
149	498	2.13809
149	526	1.9087
149	697	2.46298
149	701	2.40749
149	729	2.51232
149	753	2.90038
149	825	3.55005
149	831	3.55005
149	832	3.55005
149	927	4.20619
150	493	2.03208
150	537	2.30283
150	627	1.94924
150	643	3.32531
150	661	3.01147
150	687	3.09491
150	746	1.06008
150	813	3.66567
150	861	4.44985
150	887	6.26199
150	966	5.35494
151	31	1.67935
151	48	0.518831
151	222	1.97317
151	395	2.85148
151	432	2.92382
151	559	3.44353
151	604	3.57
151	675	3.7839
151	730	4.79948
151	966	6.03249
151	977	4.90173
152	165	0.108221
152	349	3.26452
152	599	1.31429
152	728	4.03338
152	747	2.14846
152	792	2.33195
152	963	4.42028
152	965	4.51186
152	972	4.77441
152	981	4.52765
152	994	5.04916
153	204	3.51279
153	226	0.000122292
153	607	1.97527
153	709	2.79176
153	784	3.44244
153	803	3.7377
153	829	3.90384
153	872	4.31513
153	881	4.56174
153	893	4.45843
153	937	3.81276
154	585	3.03073
154	693	0.568624
154	711	0.79877
154	746	4.27488
154	856	2.19323
154	959	3.80567
154	960	3.86275
154	987	4.26541
154	989	4.47705
154	991	4.58251
154	993	4.63229
155	316	1.95948
155	504	2.14042
155	518	2.0995
155	704	3.13348
155	756	3.14272
155	773	3.23749
155	811	3.60616
155	834	3.72552
155	871	3.90886
155	886	4.19214
155	924	5.34184
156	164	1.69755
156	202	3.19068
156	838	2.58846
156	904	3.42228
156	908	3.38246
156	917	3.77313
156	920	3.64653
156	924	3.94589
156	947	4.21377
156	949	4.21377
156	959	2.40789
157	201	1.39276
157	287	3.45322
157	379	1.74066
157	529	2.59278
157	601	2.75855
157	632	3.83981
157	655	3.08263
157	683	3.52941
157	898	4.38448
157	912	4.3616
157	978	5.34342
158	418	2.19529
158	717	2.46964
158	750	3.14202
158	797	3.33484
158	808	3.29167
158	809	3.02175
158	817	3.64345
158	822	3.48787
158	823	3.37228
158	840	3.42277
158	957	5.09839
159	231	4.50044
159	372	0.910969
159	407	1.29438
159	493	2.79637
159	709	2.55388
159	803	3.49983
159	842	3.86064
159	872	4.07725
159	881	4.32386
159	893	4.22055
159	894	4.44493
160	3	2.84403
160	28	2.92998
160	62	2.9615
160	217	3.17254
160	266	3.15084
160	357	3.59958
160	509	1.95473
160	552	3.72105
160	577	3.97893
160	662	2.82786
160	925	5.34095
161	138	1.33814
161	231	1.42064
161	528	2.47656
161	529	2.6463
161	601	2.81207
161	655	3.13615
161	683	3.58294
161	898	4.438
161	912	4.41512
161	978	5.39694
161	987	4.82774
162	410	4.86142
162	580	2.44208
162	935	2.26788
162	951	2.54694
162	971	3.09491
162	979	3.32326
162	984	3.28124
162	985	3.39913
162	996	3.75729
162	997	3.77845
162	1000	3.73719
163	220	1.4918
163	317	3.88912
163	373	2.82193
163	406	2.75656
163	427	3.00987
163	570	3.56592
163	579	3.30885
163	673	3.81438
163	700	4.16213
163	716	4.25485
163	747	3.42885
164	156	1.69755
164	182	1.73061
164	381	2.1359
164	594	3.32469
164	698	3.83043
164	722	0.979951
164	724	3.97478
164	734	4.3219
164	754	3.9712
164	885	4.6183
164	959	5.8968
165	38	2.78877
165	152	0.108221
165	396	1.18324
165	653	4.50476
165	782	2.16626
165	792	2.62374
165	868	3.50544
165	963	4.71206
165	967	5.0017
165	972	5.0662
165	981	4.81944
166	192	1.57547
166	330	1.95229
166	431	2.46965
166	439	2.6269
166	582	2.84685
166	663	3.28962
166	701	3.40619
166	825	4.54874
166	831	4.54874
166	832	4.54874
166	988	4.67279
167	48	2.78993
167	72	2.8619
167	123	3.34917
167	142	3.83768
167	176	2.93014
167	236	3.44777
167	249	3.10262
167	292	3.57056
167	310	3.52686
167	383	3.60736
167	396	3.50738
168	66	1.5782
168	200	2.34197
168	338	2.42427
168	469	2.6655
168	626	3.33983
168	674	3.714
168	755	3.93853
168	787	4.34904
168	812	4.05074
168	916	4.83495
168	986	3.25086
169	237	3.82102e-05
169	340	1.45473
169	420	2.21727
169	478	2.15371
169	504	2.6442
169	704	3.63726
169	773	3.74127
169	834	4.2293
169	871	4.41264
169	886	4.69592
169	947	7.31866
170	477	2.02094
170	516	1.93634
170	634	2.61262
170	677	2.74609
170	698	2.90372
170	724	3.04807
170	734	3.39519
170	754	3.04449
170	863	4.57712
170	959	4.97009
170	961	5.25485
171	243	1.07741
171	405	1.30416
171	425	1.77321
171	557	2.28256
171	885	2.9541
171	963	4.27694
171	965	4.36853
171	967	4.56658
171	972	4.63108
171	989	4.34463
171	994	4.90583
172	85	2.93988
172	128	3.4887
172	204	4.80106
172	219	3.26154
172	323	3.64473
172	346	3.35255
172	409	3.43344
172	482	3.95816
172	569	0.208724
172	778	5.10731
172	944	2.30644
173	609	2.47809
173	656	0.454609
173	711	0.868134
173	790	1.76421
173	934	3.93251
173	960	3.93212
173	979	4.81984
173	987	4.33477
173	989	4.54642
173	991	4.65187
173	993	4.70165
174	11	4.5456
174	268	2.74356
174	853	2.26393
174	857	2.5522
174	870	2.47985
174	887	2.5002
174	907	3.1408
174	940	3.65494
174	944	3.78363
174	968	4.37086
174	974	4.4399
175	121	1.10639
175	525	2.64143
175	668	3.44943
175	682	3.50904
175	710	3.32017
175	722	3.68042
175	728	3.41395
175	760	3.87327
175	794	4.1922
175	890	2.8064
175	984	4.4942
176	72	2.76638
176	84	3.79956
176	167	2.93014
176	215	3.31181
176	236	3.35225
176	249	3.0071
176	261	3.40039
176	292	3.47504
176	310	3.43134
176	383	3.51184
176	387	3.49084
177	210	3.52281
177	240	2.15134
177	311	2.37775
177	417	2.82294
177	421	3.78383
177	440	2.82294
177	459	2.82294
177	470	3.25241
177	744	3.64806
177	899	3.99322
177	922	5.29469
178	315	1.75617
178	445	2.27804
178	600	2.78047
178	668	3.52313
178	710	3.39387
178	722	3.75412
178	728	3.48764
178	760	3.94697
178	794	4.26589
178	838	2.79429
178	1000	4.50306
179	64	2.79681
179	449	3.83768
179	452	3.68697
179	457	2.3212
179	511	3.7491
179	532	4.15897
179	550	3.87515
179	562	2.41601
179	661	1.27488
179	759	4.66562
179	782	3.69354
180	364	0.0569971
180	749	3.35202
180	798	3.94604
180	916	2.28013
180	942	2.99135
180	970	3.72987
180	983	3.99123
180	986	3.74309
180	990	4.13026
180	992	4.09677
180	999	4.16659
181	206	2.27539
181	631	0.740591
181	845	2.5945
181	859	2.55841
181	901	3.117
181	914	3.44903
181	938	3.91959
181	950	3.97399
181	952	4.27016
181	969	4.56303
181	975	5.00357
182	164	1.73061
182	314	2.81667
182	422	2.42394
182	477	2.27718
182	516	2.19258
182	634	2.86885
182	724	3.3043
182	734	3.65142
182	777	4.48958
182	959	5.22632
182	961	5.51109
183	225	1.5248
183	535	2.23037
183	538	3.00412
183	567	3.13862
183	638	3.37449
183	639	3.46537
183	658	3.4149
183	731	4.1952
183	767	4.28185
183	780	4.31174
183	857	3.52141
184	631	0.879859
184	798	2.44672
184	841	2.64139
184	880	2.85938
184	884	2.79264
184	887	5.48342
184	914	3.5883
184	929	3.90362
184	938	4.05886
184	939	4.12844
184	950	4.11326
184	969	4.7023
185	28	2.93536
185	62	2.96687
185	136	2.91278
185	139	3.08306
185	145	3.02988
185	217	3.17792
185	357	3.60496
185	366	3.83023
185	577	3.9843
185	628	3.73001
185	667	3.31255
185	677	5.02973
186	3	1.10395
186	81	1.7442
186	285	3.2669
186	384	2.71029
186	456	0.996893
186	494	3.16045
186	519	3.34146
186	564	3.7276
186	873	5.14416
186	900	6.22143
186	909	4.53117
186	919	5.62915
187	35	2.90971
187	75	2.16924
187	295	2.33143
187	569	2.56206
187	602	3.63511
187	698	2.80983
187	712	4.4833
187	718	2.69406
187	739	4.62301
187	804	4.93609
187	919	5.82106
187	921	2.59914
188	587	0.0540182
188	774	1.60352
188	875	2.44742
188	891	4.07086
188	915	4.2458
188	934	3.77343
188	960	3.77303
188	982	4.00558
188	987	4.17569
188	989	4.38733
188	991	4.49279
188	993	4.54257
189	7	2.10962
189	244	1.59203
189	647	4.595
189	711	0.865031
189	875	2.6034
189	934	3.92941
189	960	3.92901
189	978	4.19344
189	982	4.16156
189	987	4.33167
189	989	4.54331
189	993	4.69855
190	227	1.13012
190	368	2.34826
190	421	2.44239
190	426	2.31148
190	521	2.77555
190	578	3.08261
190	650	3.40853
190	678	3.75148
190	680	3.38497
190	742	3.98486
190	879	7.17778
190	961	5.76526
191	15	2.90457
191	60	2.04046
191	124	2.99264
191	127	2.90457
191	260	3.24622
191	329	3.50128
191	348	3.71759
191	555	3.52517
191	657	4.41524
191	699	4.58094
191	719	3.84194
191	756	3.8894
192	91	3.05514
192	166	1.57547
192	286	5.25082
192	526	2.39293
192	663	2.77515
192	697	2.9472
192	753	3.38461
192	766	3.3868
192	825	4.03427
192	831	4.03427
192	832	4.03427
192	927	4.69041
193	25	2.67039
193	78	3.14543
193	99	3.39711
193	132	5.16841
193	134	2.82512
193	135	2.82512
193	211	3.42459
193	229	3.42459
193	262	2.99995
193	283	2.99995
193	316	3.47133
193	858	5.21723
194	23	3.70186
194	292	1.50992
194	335	2.11177
194	538	3.31834
194	541	3.17271
194	567	3.45283
194	638	3.68871
194	639	3.77959
194	731	4.50941
194	767	4.59606
194	780	4.62595
194	818	3.1019
195	850	2.30231
195	853	2.49294
195	870	2.70886
195	879	3.59652
195	887	2.72921
195	892	3.15906
195	905	3.13246
195	912	4.72141
195	918	3.44913
195	944	4.01264
195	968	4.59987
195	974	4.66891
196	41	1.85198
196	75	1.82931
196	318	2.37349
196	540	2.90327
196	712	4.14336
196	739	4.28307
196	784	2.95296
196	789	3.97921
196	804	4.59615
196	835	4.18791
196	919	5.48112
196	927	2.98359
197	40	2.53111
197	241	3.91507
197	243	2.79039
197	264	3.1163
197	322	3.1118
197	385	3.14755
197	405	3.01714
197	557	3.99554
197	620	3.57059
197	648	3.30719
197	721	4.40784
197	778	4.66776
198	483	2.37497
198	556	2.32868
198	566	2.94861
198	613	2.63765
198	630	2.97611
198	713	3.61069
198	730	3.43905
198	741	3.53951
198	799	4.45636
198	854	4.94375
198	859	2.76128
198	882	5.55542
199	230	2.26645
199	360	2.16999
199	412	2.86935
199	455	2.94111
199	475	3.26837
199	553	3.37832
199	575	4.36818
199	612	3.49136
199	644	3.92187
199	690	3.9657
199	834	3.94607
199	858	4.98286
200	105	2.23508
200	168	2.34197
200	275	2.66257
200	338	2.70937
200	370	3.51386
200	390	2.5645
200	464	3.51529
200	652	4.13476
200	674	3.9991
200	752	4.54863
200	755	4.22363
200	916	5.12005
201	29	1.45551
201	157	1.39276
201	231	2.10854
201	241	2.15872
201	368	1.54496
201	529	3.33421
201	601	3.49998
201	655	3.82406
201	683	4.27084
201	898	5.12591
201	978	6.08485
201	993	6.7705
202	141	2.51749
202	156	3.19068
202	347	2.72493
202	401	3.5098
202	418	3.43408
202	441	3.34915
202	450	3.34915
202	462	3.5927
202	490	3.5927
202	502	3.5927
202	503	3.5927
202	700	5.12212
203	108	2.81663
203	129	3.04012
203	130	2.78138
203	219	2.96934
203	323	3.35253
203	344	3.61271
203	346	3.06036
203	409	3.14124
203	482	3.66596
203	649	2.12863
203	778	4.81511
203	877	6.18405
204	153	3.51279
204	172	4.80106
204	418	1.88653
204	462	2.04515
204	490	2.04515
204	502	2.04515
204	503	2.04515
204	945	4.3359
204	955	4.31587
204	964	4.56106
204	980	4.92464
204	988	5.05078
205	13	3.43119
205	39	3.43119
205	57	3.53728
205	65	3.43119
205	90	3.43119
205	102	3.56912
205	103	3.56912
205	635	4.17381
205	738	4.16778
205	781	4.68131
205	841	1.10117
205	966	3.04401
206	181	2.27539
206	267	6.04993
206	610	0.896552
206	763	1.37364
206	891	2.49641
206	912	2.77234
206	970	3.99266
206	986	4.00588
206	990	4.39305
206	992	4.35955
206	998	4.53592
206	999	4.42937
207	257	1.93951
207	365	1.23584
207	538	3.2082
207	546	2.98925
207	568	2.77481
207	638	3.57857
207	639	3.66945
207	731	4.39928
207	767	4.48593
207	780	4.51581
207	878	4.46937
207	994	4.31413
208	2	2.43571
208	17	2.90443
208	36	2.90443
208	53	3.14623
208	104	3.07412
208	228	3.58276
208	259	3.27829
208	279	3.58276
208	332	3.74967
208	699	4.59698
208	861	1.73091
208	934	6.58827
209	112	0.208282
209	723	1.94182
209	863	2.90339
209	884	2.80598
209	917	4.39777
209	929	3.91695
209	938	4.07219
209	939	4.14177
209	950	4.12659
209	952	4.42277
209	969	4.71563
209	972	3.92521
210	177	3.52281
210	524	0.758659
210	713	4.78816
210	841	2.78337
210	859	2.83966
210	863	3.03204
210	884	2.93462
210	914	3.73028
210	926	3.8612
210	938	4.20084
210	939	4.27042
210	969	4.84428
211	25	3.09503
211	134	3.24976
211	135	3.24976
211	193	3.42459
211	229	3.84923
211	262	3.42459
211	283	3.42459
211	316	3.89596
211	751	2.09343e-05
211	858	5.64187
211	974	3.74357
211	985	4.57633
212	347	4.96248
212	431	3.32424
212	725	1.69182
212	826	2.78848
212	862	3.09017
212	882	1.88892
212	900	3.36515
212	913	3.77426
212	915	3.76248
212	923	4.25475
212	928	3.94122
212	954	4.69812
213	373	2.76412
213	382	2.65297
213	427	2.95206
213	468	1.78566
213	485	2.88488
213	570	3.50811
213	579	3.25105
213	591	3.18425
213	673	3.75657
213	700	4.10433
213	716	4.19704
213	985	6.5362
214	235	2.83745
214	249	5.45258
214	590	1.04039
214	818	2.6665
214	860	2.9509
214	865	3.05862
214	870	2.88413
214	888	3.3519
214	918	3.6244
214	940	4.05921
214	968	4.77514
214	974	4.84418
215	48	3.1716
215	123	3.73084
215	176	3.31181
215	236	3.82944
215	249	3.4843
215	261	3.87759
215	292	3.95223
215	310	3.90853
215	370	1.5158
215	383	3.98903
215	742	2.54439
215	996	4.25625
216	297	1.43757
216	530	2.23912
216	702	3.29672
216	705	2.95221
216	750	3.60203
216	769	3.34494
216	797	3.79484
216	799	3.89593
216	805	3.77312
216	823	3.83228
216	854	4.38332
216	991	5.02138
217	3	2.91183
217	28	2.99778
217	62	3.0293
217	139	3.14548
217	145	3.0923
217	160	3.17254
217	185	3.17792
217	366	3.89265
217	505	3.27131
217	552	3.78885
217	577	4.04672
217	931	5.04917
218	125	0.203365
218	367	2.85397
218	802	1.36896
218	856	2.16433
218	937	5.47157
218	959	3.77678
218	960	3.83386
218	982	4.0664
218	987	4.23651
218	989	4.44816
218	991	4.55361
218	993	4.60339
219	85	2.69127
219	108	2.86022
219	128	3.24009
219	129	3.08371
219	172	3.26154
219	203	2.96934
219	323	3.39612
219	409	3.18483
219	482	3.70955
219	778	4.8587
219	959	2.69924
219	974	5.61499
220	2	2.23414
220	163	1.4918
220	327	1.01509
220	591	2.54984
220	673	3.12216
220	700	3.46992
220	716	3.56264
220	736	6.08272
220	782	2.52839
220	932	4.44865
220	967	5.36382
220	994	5.70307
221	476	0.588999
221	594	3.45044
221	599	1.56992
221	648	4.85707
221	747	2.40409
221	782	2.1301
221	830	2.96525
221	932	4.05037
221	933	4.50883
221	965	4.76749
221	967	4.96554
221	994	5.30479
222	13	3.77462
222	89	2.56605
222	151	1.97317
222	715	3.0737
222	758	3.27072
222	806	3.24216
222	814	3.61252
222	837	3.79933
222	843	3.64451
222	865	4.02953
222	874	4.26011
222	888	4.32281
223	371	3.93367
223	607	1.53253
223	646	2.20133
223	781	4.38278
223	784	2.99969
223	801	3.15784
223	829	3.46109
223	842	3.65577
223	872	3.87239
223	881	4.11899
223	893	4.01568
223	894	4.24006
224	606	2.51276
224	809	1.00914
224	891	2.47757
224	903	2.42087
224	912	2.7535
224	947	4.80332
224	970	3.97382
224	986	3.98705
224	990	4.37422
224	992	4.34072
224	998	4.51708
224	999	4.41054
225	183	1.5248
225	488	2.66106
225	721	3.65164
225	735	3.69635
225	737	3.59011
225	748	3.6746
225	749	3.81595
225	759	3.82314
225	816	4.17126
225	820	4.17126
225	880	4.46149
225	991	2.34096
226	153	0.000122292
226	305	2.61789
226	309	2.54678
226	492	2.74405
226	613	3.12397
226	705	3.99896
226	741	4.02583
226	769	4.39169
226	799	4.94268
226	846	4.86353
226	889	4.71782
226	978	3.59956
227	132	1.58774
227	190	1.13012
227	330	1.93867
227	697	3.44806
227	729	3.4974
227	800	3.98686
227	825	4.53513
227	831	4.53513
227	832	4.53513
227	927	5.19127
227	934	4.24509
227	941	2.94472
228	17	3.2089
228	36	3.2089
228	53	3.45069
228	104	3.37859
228	208	3.58276
228	241	1.54416
228	259	3.58276
228	279	3.88722
228	332	4.05413
228	699	4.90144
228	828	2.1563
228	924	4.62221
229	25	3.09503
229	134	3.24976
229	135	3.24976
229	193	3.42459
229	211	3.84923
229	262	3.42459
229	272	2.41245
229	283	3.42459
229	302	4.64726
229	316	3.89596
229	501	1.23761
229	858	5.64187
230	199	2.26645
230	360	1.90522
230	475	3.0036
230	553	3.11355
230	612	3.22659
230	644	3.6571
230	676	3.83629
230	690	3.70093
230	736	4.98503
230	744	3.82755
230	858	4.71809
230	995	3.33334
231	33	1.28377
231	159	4.50044
231	161	1.42064
231	201	2.10854
231	379	2.45644
231	470	3.81236
231	529	3.30856
231	601	3.47433
231	655	3.79841
231	683	4.2452
231	898	5.10027
231	978	6.05921
232	30	8.31384
232	375	1.22697
232	500	1.39289
232	669	2.88308
232	685	2.89416
232	686	2.80018
232	733	2.94783
232	750	3.40904
232	797	3.60186
232	817	3.91047
232	823	3.6393
232	922	4.5496
233	627	1.67946
233	684	2.55392
233	739	2.77353
233	747	3.87106
233	765	3.40224
233	777	3.19242
233	793	3.26457
233	810	2.17675
233	848	3.63151
233	925	4.8926
233	936	4.89678
233	958	5.24459
234	631	4.33372
234	653	3.97418
234	869	1.64989
234	911	2.3255
234	937	3.0301
234	945	3.37052
234	962	3.58377
234	964	3.59568
234	975	3.80005
234	976	3.8552
234	980	3.95926
234	988	4.0854
235	214	2.83745
235	596	1.06717
235	598	3.38508
235	623	1.28219
235	879	3.66725
235	905	2.10929
235	908	4.06478
235	917	4.45545
235	920	4.32885
235	930	4.5975
235	947	4.89609
235	949	4.89609
236	48	3.21204
236	167	3.44777
236	176	3.35225
236	215	3.82944
236	249	3.52474
236	261	3.91803
236	290	1.36722
236	292	3.99267
236	310	3.94897
236	383	4.02947
236	847	3.77148
236	891	3.18097
237	169	3.82102e-05
237	336	1.29241
237	471	2.69569
237	646	2.52674
237	805	3.83265
237	817	4.16298
237	823	3.8918
237	872	4.1978
237	881	4.44441
237	893	4.3411
237	894	4.56548
237	961	5.62206
238	117	3.5338
238	118	2.37958
238	442	3.17738
238	468	3.29939
238	495	3.33182
238	509	3.23707
238	523	3.74039
238	552	3.37411
238	560	3.37638
238	574	3.84121
238	598	3.49804
238	897	4.77765
239	6	3.52502
239	11	3.60602
239	23	3.52502
239	51	3.52502
239	80	3.52502
239	113	3.64954
239	137	4.09203
239	142	3.64954
239	269	4.15818
239	435	0.735046
239	490	3.5818
239	680	4.00971
240	177	2.15134
240	311	2.88639
240	417	3.33157
240	440	3.33157
